0.000000
0.150371
0.150371
0.077686
0.125049
0.077686
0.036425
0.086026
0.086026
0.036425
0.045071
0.051005
0.069643
0.051005
0.045071
0.040512
0.037250
0.056770
0.056770
0.037250
0.040512
0.045535
0.037685
0.042183
0.033181
0.042183
0.037685
0.045535
0.045830
0.037541
0.033950
0.028337
0.028337
0.033950
0.037541
0.045830
0.046637
0.037311
0.033049
0.024201
0.017425
0.024201
0.033049
0.037311
0.046637
0.046114
0.037262
0.033848
0.023714
0.011965
0.011965
0.023714
0.033848
0.037262
0.046114
0.045527
0.037519
0.034763
0.023240
0.009820
0.004695
0.009820
0.023240
0.034763
0.037519
0.045527
0.045416
0.037856
0.034894
0.022991
0.009330
0.002628
0.002628
0.009330
0.022991
0.034894
0.037856
0.045416
0.045517
0.038046
0.034749
0.022847
0.009248
0.002284
0.000703
0.002284
0.009248
0.022847
0.034749
0.038046
0.045517
0.045673
0.038134
0.034589
0.022752
0.009251
0.002259
0.000388
0.000388
0.002259
0.009251
0.022752
0.034589
0.038134
0.045673
0.045858
0.038146
0.034483
0.022690
0.009273
0.002275
0.000357
0.000075
0.000357
0.002275
0.009273
0.022690
0.034483
0.038146
0.045858
0.046023
0.038119
0.034411
0.022653
0.009296
0.002295
0.000359
0.000040
0.000040
0.000359
0.002295
0.009296
0.022653
0.034411
0.038119
0.046023
0.046122
0.038099
0.034354
0.022632
0.009314
0.002311
0.000363
0.000038
0.000005
0.000038
0.000363
0.002311
0.009314
0.022632
0.034354
0.038099
0.046122
0.046159
0.038097
0.034315
0.022617
0.009328
0.002324
0.000367
0.000039
0.000002
0.000002
0.000039
0.000367
0.002324
0.009328
0.022617
0.034315
0.038097
0.046159
0.046163
0.038100
0.034298
0.022607
0.009337
0.002333
0.000370
0.000039
0.000002
-0.000001
0.000002
0.000039
0.000370
0.002333
0.009337
0.022607
0.034298
0.038100
0.046163
0.046160
0.038101
0.034296
0.022601
0.009342
0.002339
0.000372
0.000040
0.000002
-0.000001
-0.000001
0.000002
0.000040
0.000372
0.002339
0.009342
0.022601
0.034296
0.038101
0.046160
0.046158
0.038099
0.034299
0.022599
0.009344
0.002342
0.000373
0.000040
0.000002
-0.000001
-0.000001
-0.000001
0.000002
0.000040
0.000373
0.002342
0.009344
0.022599
0.034299
0.038099
0.046158
0.046159
0.038096
0.034303
0.022599
0.009344
0.002344
0.000374
0.000040
0.000002
-0.000001
-0.000001
-0.000001
-0.000001
0.000002
0.000040
0.000374
0.002344
0.009344
0.022599
0.034303
0.038096
0.046159
0.046160
0.038091
0.034307
0.022600
0.009343
0.002344
0.000374
0.000040
0.000002
-0.000001
-0.000001
-0.000001
-0.000001
-0.000001
0.000002
0.000040
0.000374
0.002344
0.009343
0.022600
0.034307
0.038091
0.046160
0.046162
0.038087
0.034310
0.022603
0.009342
0.002344
0.000374
0.000040
0.000002
-0.000001
-0.000001
-0.000001
-0.000001
-0.000001
-0.000001
0.000002
0.000040
0.000374
0.002344
0.009342
0.022603
0.034310
0.038087
0.046162
0.046164
0.038083
0.034314
0.022606
0.009341
0.002342
0.000374
0.000040
0.000002
-0.000001
-0.000001
-0.000001
-0.000001
-0.000001
-0.000001
-0.000001
0.000002
0.000040
0.000374
0.002342
0.009341
0.022606
0.034314
0.038083
0.046164
0.046166
0.038077
0.034317
0.022609
0.009340
0.002341
0.000374
0.000040
0.000002
-0.000001
-0.000001
-0.000001
-0.000001
-0.000001
-0.000001
-0.000001
-0.000001
0.000002
0.000040
0.000374
0.002341
0.009340
0.022609
0.034317
0.038077
0.046166
0.046168
0.038072
0.034321
0.022613
0.009339
0.002340
0.000373
0.000040
0.000002
-0.000001
-0.000001
-0.000001
-0.000001
-0.000001
-0.000001
-0.000001
-0.000001
-0.000001
0.000002
0.000040
0.000373
0.002340
0.009339
0.022613
0.034321
0.038072
0.046168
0.046170
0.038066
0.034325
0.022617
0.009337
0.002338
0.000373
0.000040
0.000002
-0.000001
-0.000001
-0.000001
-0.000001
-0.000001
-0.000001
-0.000001
-0.000001
-0.000001
-0.000001
0.000002
0.000040
0.000373
0.002338
0.009337
0.022617
0.034325
0.038066
0.046170
0.046172
0.038060
0.034329
0.022621
0.009336
0.002336
0.000372
0.000040
0.000002
-0.000001
-0.000001
-0.000001
-0.000001
-0.000001
-0.000001
-0.000001
-0.000001
-0.000001
-0.000001
-0.000001
0.000002
0.000040
0.000372
0.002336
0.009336
0.022621
0.034329
0.038060
0.046172
0.046174
0.038054
0.034333
0.022626
0.009335
0.002335
0.000371
0.000040
0.000002
-0.000001
-0.000001
-0.000001
-0.000001
-0.000001
-0.000001
-0.000001
-0.000001
-0.000001
-0.000001
-0.000001
-0.000001
0.000002
0.000040
0.000371
0.002335
0.009335
0.022626
0.034333
0.038054
0.046174
0.046175
0.038048
0.034338
0.022631
0.009334
0.002333
0.000371
0.000040
0.000002
-0.000001
-0.000001
-0.000001
-0.000001
-0.000001
-0.000001
-0.000001
-0.000001
-0.000001
-0.000001
-0.000001
-0.000001
-0.000001
0.000002
0.000040
0.000371
0.002333
0.009334
0.022631
0.034338
0.038048
0.046175
0.046176
0.038043
0.034342
0.022635
0.009333
0.002331
0.000370
0.000039
0.000002
-0.000001
-0.000001
-0.000001
-0.000001
-0.000001
-0.000001
-0.000001
-0.000001
-0.000001
-0.000001
-0.000001
-0.000001
-0.000001
-0.000001
0.000002
0.000039
0.000370
0.002331
0.009333
0.022635
0.034342
0.038043
0.046176
0.046175
0.038037
0.034347
0.022640
0.009332
0.002329
0.000370
0.000039
0.000002
-0.000001
-0.000001
-0.000001
-0.000001
-0.000001
-0.000001
-0.000001
-0.000001
-0.000001
-0.000001
-0.000001
-0.000001
-0.000001
-0.000001
-0.000001
0.000002
0.000039
0.000370
0.002329
0.009332
0.022640
0.034347
0.038037
0.046175
0.046174
0.038032
0.034352
0.022645
0.009331
0.002327
0.000369
0.000039
0.000002
-0.000001
-0.000001
-0.000001
-0.000001
-0.000001
-0.000001
-0.000001
-0.000001
-0.000001
-0.000001
-0.000001
-0.000001
-0.000001
-0.000001
-0.000001
-0.000001
0.000002
0.000039
0.000369
0.002327
0.009331
0.022645
0.034352
0.038032
0.046174
0.046172
0.038027
0.034358
0.022650
0.009330
0.002326
0.000368
0.000039
0.000002
-0.000001
-0.000001
-0.000001
-0.000001
-0.000001
-0.000001
-0.000001
-0.000001
-0.000001
-0.000001
-0.000001
-0.000001
-0.000001
-0.000001
-0.000001
-0.000001
-0.000001
0.000002
0.000039
0.000368
0.002326
0.009330
0.022650
0.034358
0.038027
0.046172
0.046170
0.038022
0.034364
0.022655
0.009329
0.002324
0.000368
0.000039
0.000002
-0.000001
-0.000001
-0.000001
-0.000001
-0.000001
-0.000001
-0.000001
-0.000001
-0.000001
-0.000001
-0.000001
-0.000001
-0.000001
-0.000001
-0.000001
-0.000001
-0.000001
-0.000001
0.000002
0.000039
0.000368
0.002324
0.009329
0.022655
0.034364
0.038022
0.046170
0.046167
0.038018
0.034370
0.022660
0.009328
0.002322
0.000367
0.000039
0.000002
-0.000001
-0.000001
-0.000001
-0.000001
-0.000001
-0.000001
-0.000001
-0.000001
-0.000001
-0.000001
-0.000001
-0.000001
-0.000001
-0.000001
-0.000001
-0.000001
-0.000001
-0.000001
-0.000001
0.000002
0.000039
0.000367
0.002322
0.009328
0.022660
0.034370
0.038018
0.046167
0.046163
0.038013
0.034376
0.022664
0.009326
0.002320
0.000366
0.000039
0.000002
-0.000001
-0.000001
-0.000001
-0.000001
-0.000001
-0.000001
-0.000001
-0.000001
-0.000001
-0.000001
-0.000001
-0.000001
-0.000001
-0.000001
-0.000001
-0.000001
-0.000001
-0.000001
-0.000001
-0.000001
0.000002
0.000039
0.000366
0.002320
0.009326
0.022664
0.034376
0.038013
0.046163
0.046160
0.038009
0.034382
0.022669
0.009325
0.002318
0.000366
0.000039
0.000002
-0.000001
-0.000001
-0.000001
-0.000001
-0.000001
-0.000001
-0.000001
-0.000001
-0.000001
-0.000001
-0.000001
-0.000001
-0.000001
-0.000001
-0.000001
-0.000001
-0.000001
-0.000001
-0.000001
-0.000001
-0.000001
0.000002
0.000039
0.000366
0.002318
0.009325
0.022669
0.034382
0.038009
0.046160
0.046156
0.038005
0.034388
0.022674
0.009324
0.002316
0.000365
0.000038
0.000002
-0.000001
-0.000001
-0.000001
-0.000001
-0.000001
-0.000001
-0.000001
-0.000001
-0.000001
-0.000001
-0.000001
-0.000001
-0.000001
-0.000001
-0.000001
-0.000001
-0.000001
-0.000001
-0.000001
-0.000001
-0.000001
-0.000001
0.000002
0.000038
0.000365
0.002316
0.009324
0.022674
0.034388
0.038005
0.046156
0.046153
0.038001
0.034394
0.022678
0.009322
0.002314
0.000364
0.000038
0.000002
-0.000001
-0.000001
-0.000001
-0.000001
-0.000001
-0.000001
-0.000001
-0.000001
-0.000001
-0.000001
-0.000001
-0.000001
-0.000001
-0.000001
-0.000001
-0.000001
-0.000001
-0.000001
-0.000001
-0.000001
-0.000001
-0.000001
-0.000001
0.000002
0.000038
0.000364
0.002314
0.009322
0.022678
0.034394
0.038001
0.046153
0.046150
0.037997
0.034400
0.022682
0.009321
0.002312
0.000364
0.000038
0.000002
-0.000001
-0.000001
-0.000001
-0.000001
-0.000001
-0.000001
-0.000001
-0.000001
-0.000001
-0.000001
-0.000001
-0.000001
-0.000001
-0.000001
-0.000001
-0.000001
-0.000001
-0.000001
-0.000001
-0.000001
-0.000001
-0.000001
-0.000001
-0.000001
0.000002
0.000038
0.000364
0.002312
0.009321
0.022682
0.034400
0.037997
0.046150
0.046148
0.037994
0.034405
0.022686
0.009320
0.002311
0.000363
0.000038
0.000002
-0.000001
-0.000001
-0.000001
-0.000001
-0.000001
-0.000001
-0.000001
-0.000001
-0.000001
-0.000001
-0.000001
-0.000001
-0.000001
-0.000001
-0.000001
-0.000001
-0.000001
-0.000001
-0.000001
-0.000001
-0.000001
-0.000001
-0.000001
-0.000001
-0.000001
0.000002
0.000038
0.000363
0.002311
0.009320
0.022686
0.034405
0.037994
0.046148
0.046146
0.037990
0.034409
0.022690
0.009319
0.002309
0.000363
0.000038
0.000002
-0.000001
-0.000001
-0.000001
-0.000001
-0.000001
-0.000001
-0.000001
-0.000001
-0.000001
-0.000001
-0.000001
-0.000001
-0.000001
-0.000001
-0.000001
-0.000001
-0.000001
-0.000001
-0.000001
-0.000001
-0.000001
-0.000001
-0.000001
-0.000001
-0.000001
-0.000001
0.000002
0.000038
0.000363
0.002309
0.009319
0.022690
0.034409
0.037990
0.046146
0.046144
0.037987
0.034413
0.022693
0.009318
0.002308
0.000362
0.000038
0.000002
-0.000001
-0.000001
-0.000001
-0.000001
-0.000001
-0.000001
-0.000001
-0.000001
-0.000001
-0.000001
-0.000001
-0.000001
-0.000001
-0.000001
-0.000001
-0.000001
-0.000001
-0.000001
-0.000001
-0.000001
-0.000001
-0.000001
-0.000001
-0.000001
-0.000001
-0.000001
-0.000001
0.000002
0.000038
0.000362
0.002308
0.009318
0.022693
0.034413
0.037987
0.046144
0.046143
0.037985
0.034416
0.022696
0.009317
0.002307
0.000362
0.000038
0.000002
-0.000001
-0.000001
-0.000001
-0.000001
-0.000001
-0.000001
-0.000001
-0.000001
-0.000001
-0.000001
-0.000001
-0.000001
-0.000001
-0.000001
-0.000001
-0.000001
-0.000001
-0.000001
-0.000001
-0.000001
-0.000001
-0.000001
-0.000001
-0.000001
-0.000001
-0.000001
-0.000001
-0.000001
0.000002
0.000038
0.000362
0.002307
0.009317
0.022696
0.034416
0.037985
0.046143
0.046141
0.037983
0.034419
0.022698
0.009316
0.002305
0.000361
0.000038
0.000002
-0.000001
-0.000001
-0.000001
-0.000001
-0.000001
-0.000001
-0.000001
-0.000001
-0.000001
-0.000001
-0.000001
-0.000001
-0.000001
-0.000001
-0.000001
-0.000001
-0.000001
-0.000001
-0.000001
-0.000001
-0.000001
-0.000001
-0.000001
-0.000001
-0.000001
-0.000001
-0.000001
-0.000001
-0.000001
0.000002
0.000038
0.000361
0.002305
0.009316
0.022698
0.034419
0.037983
0.046141
0.046141
0.037981
0.034421
0.022700
0.009316
0.002305
0.000361
0.000038
0.000002
-0.000001
-0.000001
-0.000001
-0.000001
-0.000001
-0.000001
-0.000001
-0.000001
-0.000001
-0.000001
-0.000001
-0.000001
-0.000001
-0.000001
-0.000001
-0.000001
-0.000001
-0.000001
-0.000001
-0.000001
-0.000001
-0.000001
-0.000001
-0.000001
-0.000001
-0.000001
-0.000001
-0.000001
-0.000001
-0.000001
0.000002
0.000038
0.000361
0.002305
0.009316
0.022700
0.034421
0.037981
0.046141
0.046140
0.037980
0.034422
0.022702
0.009315
0.002304
0.000361
0.000038
0.000002
-0.000001
-0.000001
-0.000001
-0.000001
-0.000001
-0.000001
-0.000001
-0.000001
-0.000001
-0.000001
-0.000001
-0.000001
-0.000001
-0.000001
-0.000001
-0.000001
-0.000001
-0.000001
-0.000001
-0.000001
-0.000001
-0.000001
-0.000001
-0.000001
-0.000001
-0.000001
-0.000001
-0.000001
-0.000001
-0.000001
-0.000001
0.000002
0.000038
0.000361
0.002304
0.009315
0.022702
0.034422
0.037980
0.046140
0.046140
0.037980
0.034422
0.022702
0.009315
0.002303
0.000361
0.000038
0.000002
-0.000001
-0.000001
-0.000001
-0.000001
-0.000001
-0.000001
-0.000001
-0.000001
-0.000001
-0.000001
-0.000001
-0.000001
-0.000001
-0.000001
-0.000001
-0.000001
-0.000001
-0.000001
-0.000001
-0.000001
-0.000001
-0.000001
-0.000001
-0.000001
-0.000001
-0.000001
-0.000001
-0.000001
-0.000001
-0.000001
-0.000001
-0.000001
0.000002
0.000038
0.000361
0.002303
0.009315
0.022702
0.034422
0.037980
0.046140
0.046141
0.037980
0.034422
0.022703
0.009315
0.002303
0.000360
0.000038
0.000002
-0.000001
-0.000001
-0.000001
-0.000001
-0.000001
-0.000001
-0.000001
-0.000001
-0.000001
-0.000001
-0.000001
-0.000001
-0.000001
-0.000001
-0.000001
-0.000001
-0.000001
-0.000001
-0.000001
-0.000001
-0.000001
-0.000001
-0.000001
-0.000001
-0.000001
-0.000001
-0.000001
-0.000001
-0.000001
-0.000001
-0.000001
-0.000001
-0.000001
0.000002
0.000038
0.000360
0.002303
0.009315
0.022703
0.034422
0.037980
0.046141
0.046141
0.037981
0.034422
0.022702
0.009315
0.002303
0.000360
0.000038
0.000002
-0.000001
-0.000001
-0.000001
-0.000001
-0.000001
-0.000001
-0.000001
-0.000001
-0.000001
-0.000001
-0.000001
-0.000001
-0.000001
-0.000001
-0.000001
-0.000001
-0.000001
-0.000001
-0.000001
-0.000001
-0.000001
-0.000001
-0.000001
-0.000001
-0.000001
-0.000001
-0.000001
-0.000001
-0.000001
-0.000001
-0.000001
-0.000001
-0.000001
-0.000001
0.000002
0.000038
0.000360
0.002303
0.009315
0.022702
0.034422
0.037981
0.046141
0.046143
0.037983
0.034421
0.022702
0.009315
0.002303
0.000360
0.000038
0.000002
-0.000001
-0.000001
-0.000001
-0.000001
-0.000001
-0.000001
-0.000001
-0.000001
-0.000001
-0.000001
-0.000001
-0.000001
-0.000001
-0.000001
-0.000001
-0.000001
-0.000001
-0.000001
-0.000001
-0.000001
-0.000001
-0.000001
-0.000001
-0.000001
-0.000001
-0.000001
-0.000001
-0.000001
-0.000001
-0.000001
-0.000001
-0.000001
-0.000001
-0.000001
-0.000001
0.000002
0.000038
0.000360
0.002303
0.009315
0.022702
0.034421
0.037983
0.046143
0.046144
0.037985
0.034419
0.022700
0.009315
0.002303
0.000360
0.000038
0.000002
-0.000001
-0.000001
-0.000001
-0.000001
-0.000001
-0.000001
-0.000001
-0.000001
-0.000001
-0.000001
-0.000001
-0.000001
-0.000001
-0.000001
-0.000001
-0.000001
-0.000001
-0.000001
-0.000001
-0.000001
-0.000001
-0.000001
-0.000001
-0.000001
-0.000001
-0.000001
-0.000001
-0.000001
-0.000001
-0.000001
-0.000001
-0.000001
-0.000001
-0.000001
-0.000001
-0.000001
0.000002
0.000038
0.000360
0.002303
0.009315
0.022700
0.034419
0.037985
0.046144
0.046146
0.037987
0.034416
0.022698
0.009316
0.002304
0.000361
0.000038
0.000002
-0.000001
-0.000001
-0.000001
-0.000001
-0.000001
-0.000001
-0.000001
-0.000001
-0.000001
-0.000001
-0.000001
-0.000001
-0.000001
-0.000001
-0.000001
-0.000001
-0.000001
-0.000001
-0.000001
-0.000001
-0.000001
-0.000001
-0.000001
-0.000001
-0.000001
-0.000001
-0.000001
-0.000001
-0.000001
-0.000001
-0.000001
-0.000001
-0.000001
-0.000001
-0.000001
-0.000001
-0.000001
0.000002
0.000038
0.000361
0.002304
0.009316
0.022698
0.034416
0.037987
0.046146
0.046148
0.037990
0.034413
0.022696
0.009316
0.002305
0.000361
0.000038
0.000002
-0.000001
-0.000001
-0.000001
-0.000001
-0.000001
-0.000001
-0.000001
-0.000001
-0.000001
-0.000001
-0.000001
-0.000001
-0.000001
-0.000001
-0.000001
-0.000001
-0.000001
-0.000001
-0.000001
-0.000001
-0.000001
-0.000001
-0.000001
-0.000001
-0.000001
-0.000001
-0.000001
-0.000001
-0.000001
-0.000001
-0.000001
-0.000001
-0.000001
-0.000001
-0.000001
-0.000001
-0.000001
-0.000001
0.000002
0.000038
0.000361
0.002305
0.009316
0.022696
0.034413
0.037990
0.046148
0.046150
0.037994
0.034409
0.022693
0.009317
0.002305
0.000361
0.000038
0.000002
-0.000001
-0.000001
-0.000001
-0.000001
-0.000001
-0.000001
-0.000001
-0.000001
-0.000001
-0.000001
-0.000001
-0.000001
-0.000001
-0.000001
-0.000001
-0.000001
-0.000001
-0.000001
-0.000001
-0.000001
-0.000001
-0.000001
-0.000001
-0.000001
-0.000001
-0.000001
-0.000001
-0.000001
-0.000001
-0.000001
-0.000001
-0.000001
-0.000001
-0.000001
-0.000001
-0.000001
-0.000001
-0.000001
-0.000001
0.000002
0.000038
0.000361
0.002305
0.009317
0.022693
0.034409
0.037994
0.046150
0.046153
0.037997
0.034405
0.022690
0.009318
0.002307
0.000361
0.000038
0.000002
-0.000001
-0.000001
-0.000001
-0.000001
-0.000001
-0.000001
-0.000001
-0.000001
-0.000001
-0.000001
-0.000001
-0.000001
-0.000001
-0.000001
-0.000001
-0.000001
-0.000001
-0.000001
-0.000001
-0.000001
-0.000001
-0.000001
-0.000001
-0.000001
-0.000001
-0.000001
-0.000001
-0.000001
-0.000001
-0.000001
-0.000001
-0.000001
-0.000001
-0.000001
-0.000001
-0.000001
-0.000001
-0.000001
-0.000001
-0.000001
0.000002
0.000038
0.000361
0.002307
0.009318
0.022690
0.034405
0.037997
0.046153
0.046156
0.038001
0.034400
0.022686
0.009319
0.002308
0.000362
0.000038
0.000002
-0.000001
-0.000001
-0.000001
-0.000001
-0.000001
-0.000001
-0.000001
-0.000001
-0.000001
-0.000001
-0.000001
-0.000001
-0.000001
-0.000001
-0.000001
-0.000001
-0.000001
-0.000001
-0.000001
-0.000001
-0.000001
-0.000001
-0.000001
-0.000001
-0.000001
-0.000001
-0.000001
-0.000001
-0.000001
-0.000001
-0.000001
-0.000001
-0.000001
-0.000001
-0.000001
-0.000001
-0.000001
-0.000001
-0.000001
-0.000001
-0.000001
0.000002
0.000038
0.000362
0.002308
0.009319
0.022686
0.034400
0.038001
0.046156
0.046160
0.038005
0.034394
0.022682
0.009320
0.002309
0.000362
0.000038
0.000002
-0.000001
-0.000001
-0.000001
-0.000001
-0.000001
-0.000001
-0.000001
-0.000001
-0.000001
-0.000001
-0.000001
-0.000001
-0.000001
-0.000001
-0.000001
-0.000001
-0.000001
-0.000001
-0.000001
-0.000001
-0.000001
-0.000001
-0.000001
-0.000001
-0.000001
-0.000001
-0.000001
-0.000001
-0.000001
-0.000001
-0.000001
-0.000001
-0.000001
-0.000001
-0.000001
-0.000001
-0.000001
-0.000001
-0.000001
-0.000001
-0.000001
-0.000001
0.000002
0.000038
0.000362
0.002309
0.009320
0.022682
0.034394
0.038005
0.046160
0.046163
0.038009
0.034388
0.022678
0.009321
0.002311
0.000363
0.000038
0.000002
-0.000001
-0.000001
-0.000001
-0.000001
-0.000001
-0.000001
-0.000001
-0.000001
-0.000001
-0.000001
-0.000001
-0.000001
-0.000001
-0.000001
-0.000001
-0.000001
-0.000001
-0.000001
-0.000001
-0.000001
-0.000001
-0.000001
-0.000001
-0.000001
-0.000001
-0.000001
-0.000001
-0.000001
-0.000001
-0.000001
-0.000001
-0.000001
-0.000001
-0.000001
-0.000001
-0.000001
-0.000001
-0.000001
-0.000001
-0.000001
-0.000001
-0.000001
-0.000001
0.000002
0.000038
0.000363
0.002311
0.009321
0.022678
0.034388
0.038009
0.046163
0.046167
0.038013
0.034382
0.022674
0.009322
0.002312
0.000363
0.000038
0.000002
-0.000001
-0.000001
-0.000001
-0.000001
-0.000001
-0.000001
-0.000001
-0.000001
-0.000001
-0.000001
-0.000001
-0.000001
-0.000001
-0.000001
-0.000001
-0.000001
-0.000001
-0.000001
-0.000001
-0.000001
-0.000001
-0.000001
-0.000001
-0.000001
-0.000001
-0.000001
-0.000001
-0.000001
-0.000001
-0.000001
-0.000001
-0.000001
-0.000001
-0.000001
-0.000001
-0.000001
-0.000001
-0.000001
-0.000001
-0.000001
-0.000001
-0.000001
-0.000001
-0.000001
0.000002
0.000038
0.000363
0.002312
0.009322
0.022674
0.034382
0.038013
0.046167
0.046170
0.038018
0.034376
0.022669
0.009324
0.002314
0.000364
0.000038
0.000002
-0.000001
-0.000001
-0.000001
-0.000001
-0.000001
-0.000001
-0.000001
-0.000001
-0.000001
-0.000001
-0.000001
-0.000001
-0.000001
-0.000001
-0.000001
-0.000001
-0.000001
-0.000001
-0.000001
-0.000001
-0.000001
-0.000001
-0.000001
-0.000001
-0.000001
-0.000001
-0.000001
-0.000001
-0.000001
-0.000001
-0.000001
-0.000001
-0.000001
-0.000001
-0.000001
-0.000001
-0.000001
-0.000001
-0.000001
-0.000001
-0.000001
-0.000001
-0.000001
-0.000001
-0.000001
0.000002
0.000038
0.000364
0.002314
0.009324
0.022669
0.034376
0.038018
0.046170
0.046172
0.038022
0.034370
0.022664
0.009325
0.002316
0.000364
0.000038
0.000002
-0.000001
-0.000001
-0.000001
-0.000001
-0.000001
-0.000001
-0.000001
-0.000001
-0.000001
-0.000001
-0.000001
-0.000001
-0.000001
-0.000001
-0.000001
-0.000001
-0.000001
-0.000001
-0.000001
-0.000001
-0.000001
-0.000001
-0.000001
-0.000001
-0.000001
-0.000001
-0.000001
-0.000001
-0.000001
-0.000001
-0.000001
-0.000001
-0.000001
-0.000001
-0.000001
-0.000001
-0.000001
-0.000001
-0.000001
-0.000001
-0.000001
-0.000001
-0.000001
-0.000001
-0.000001
-0.000001
0.000002
0.000038
0.000364
0.002316
0.009325
0.022664
0.034370
0.038022
0.046172
0.046174
0.038027
0.034364
0.022660
0.009326
0.002318
0.000365
0.000038
0.000002
-0.000001
-0.000001
-0.000001
-0.000001
-0.000001
-0.000001
-0.000001
-0.000001
-0.000001
-0.000001
-0.000001
-0.000001
-0.000001
-0.000001
-0.000001
-0.000001
-0.000001
-0.000001
-0.000001
-0.000001
-0.000001
-0.000001
-0.000001
-0.000001
-0.000001
-0.000001
-0.000001
-0.000001
-0.000001
-0.000001
-0.000001
-0.000001
-0.000001
-0.000001
-0.000001
-0.000001
-0.000001
-0.000001
-0.000001
-0.000001
-0.000001
-0.000001
-0.000001
-0.000001
-0.000001
-0.000001
-0.000001
0.000002
0.000038
0.000365
0.002318
0.009326
0.022660
0.034364
0.038027
0.046174
0.046175
0.038032
0.034358
0.022655
0.009328
0.002320
0.000366
0.000038
0.000002
-0.000001
-0.000001
-0.000001
-0.000001
-0.000001
-0.000001
-0.000001
-0.000001
-0.000001
-0.000001
-0.000001
-0.000001
-0.000001
-0.000001
-0.000001
-0.000001
-0.000001
-0.000001
-0.000001
-0.000001
-0.000001
-0.000001
-0.000001
-0.000001
-0.000001
-0.000001
-0.000001
-0.000001
-0.000001
-0.000001
-0.000001
-0.000001
-0.000001
-0.000001
-0.000001
-0.000001
-0.000001
-0.000001
-0.000001
-0.000001
-0.000001
-0.000001
-0.000001
-0.000001
-0.000001
-0.000001
-0.000001
-0.000001
0.000002
0.000038
0.000366
0.002320
0.009328
0.022655
0.034358
0.038032
0.046175
0.046176
0.038037
0.034352
0.022650
0.009329
0.002322
0.000366
0.000039
0.000002
-0.000001
-0.000001
-0.000001
-0.000001
-0.000001
-0.000001
-0.000001
-0.000001
-0.000001
-0.000001
-0.000001
-0.000001
-0.000001
-0.000001
-0.000001
-0.000001
-0.000001
-0.000001
-0.000001
-0.000001
-0.000001
-0.000001
-0.000001
-0.000001
-0.000001
-0.000001
-0.000001
-0.000001
-0.000001
-0.000001
-0.000001
-0.000001
-0.000001
-0.000001
-0.000001
-0.000001
-0.000001
-0.000001
-0.000001
-0.000001
-0.000001
-0.000001
-0.000001
-0.000001
-0.000001
-0.000001
-0.000001
-0.000001
-0.000001
0.000002
0.000039
0.000366
0.002322
0.009329
0.022650
0.034352
0.038037
0.046176
0.046175
0.038043
0.034347
0.022645
0.009330
0.002324
0.000367
0.000039
0.000002
-0.000001
-0.000001
-0.000001
-0.000001
-0.000001
-0.000001
-0.000001
-0.000001
-0.000001
-0.000001
-0.000001
-0.000001
-0.000001
-0.000001
-0.000001
-0.000001
-0.000001
-0.000001
-0.000001
-0.000001
-0.000001
-0.000001
-0.000001
-0.000001
-0.000001
-0.000001
-0.000001
-0.000001
-0.000001
-0.000001
-0.000001
-0.000001
-0.000001
-0.000001
-0.000001
-0.000001
-0.000001
-0.000001
-0.000001
-0.000001
-0.000001
-0.000001
-0.000001
-0.000001
-0.000001
-0.000001
-0.000001
-0.000001
-0.000001
-0.000001
0.000002
0.000039
0.000367
0.002324
0.009330
0.022645
0.034347
0.038043
0.046175
0.046174
0.038048
0.034342
0.022640
0.009331
0.002326
0.000368
0.000039
0.000002
-0.000001
-0.000001
-0.000001
-0.000001
-0.000001
-0.000001
-0.000001
-0.000001
-0.000001
-0.000001
-0.000001
-0.000001
-0.000001
-0.000001
-0.000001
-0.000001
-0.000001
-0.000001
-0.000001
-0.000001
-0.000001
-0.000001
-0.000001
-0.000001
-0.000001
-0.000001
-0.000001
-0.000001
-0.000001
-0.000001
-0.000001
-0.000001
-0.000001
-0.000001
-0.000001
-0.000001
-0.000001
-0.000001
-0.000001
-0.000001
-0.000001
-0.000001
-0.000001
-0.000001
-0.000001
-0.000001
-0.000001
-0.000001
-0.000001
-0.000001
-0.000001
0.000002
0.000039
0.000368
0.002326
0.009331
0.022640
0.034342
0.038048
0.046174
0.046172
0.038054
0.034338
0.022635
0.009332
0.002327
0.000368
0.000039
0.000002
-0.000001
-0.000001
-0.000001
-0.000001
-0.000001
-0.000001
-0.000001
-0.000001
-0.000001
-0.000001
-0.000001
-0.000001
-0.000001
-0.000001
-0.000001
-0.000001
-0.000001
-0.000001
-0.000001
-0.000001
-0.000001
-0.000001
-0.000001
-0.000001
-0.000001
-0.000001
-0.000001
-0.000001
-0.000001
-0.000001
-0.000001
-0.000001
-0.000001
-0.000001
-0.000001
-0.000001
-0.000001
-0.000001
-0.000001
-0.000001
-0.000001
-0.000001
-0.000001
-0.000001
-0.000001
-0.000001
-0.000001
-0.000001
-0.000001
-0.000001
-0.000001
-0.000001
0.000002
0.000039
0.000368
0.002327
0.009332
0.022635
0.034338
0.038054
0.046172
0.046170
0.038060
0.034333
0.022631
0.009333
0.002329
0.000369
0.000039
0.000002
-0.000001
-0.000001
-0.000001
-0.000001
-0.000001
-0.000001
-0.000001
-0.000001
-0.000001
-0.000001
-0.000001
-0.000001
-0.000001
-0.000001
-0.000001
-0.000001
-0.000001
-0.000001
-0.000001
-0.000001
-0.000001
-0.000001
-0.000001
-0.000001
-0.000001
-0.000001
-0.000001
-0.000001
-0.000001
-0.000001
-0.000001
-0.000001
-0.000001
-0.000001
-0.000001
-0.000001
-0.000001
-0.000001
-0.000001
-0.000001
-0.000001
-0.000001
-0.000001
-0.000001
-0.000001
-0.000001
-0.000001
-0.000001
-0.000001
-0.000001
-0.000001
-0.000001
-0.000001
0.000002
0.000039
0.000369
0.002329
0.009333
0.022631
0.034333
0.038060
0.046170
0.046168
0.038066
0.034329
0.022626
0.009334
0.002331
0.000370
0.000039
0.000002
-0.000001
-0.000001
-0.000001
-0.000001
-0.000001
-0.000001
-0.000001
-0.000001
-0.000001
-0.000001
-0.000001
-0.000001
-0.000001
-0.000001
-0.000001
-0.000001
-0.000001
-0.000001
-0.000001
-0.000001
-0.000001
-0.000001
-0.000001
-0.000001
-0.000001
-0.000001
-0.000001
-0.000001
-0.000001
-0.000001
-0.000001
-0.000001
-0.000001
-0.000001
-0.000001
-0.000001
-0.000001
-0.000001
-0.000001
-0.000001
-0.000001
-0.000001
-0.000001
-0.000001
-0.000001
-0.000001
-0.000001
-0.000001
-0.000001
-0.000001
-0.000001
-0.000001
-0.000001
-0.000001
0.000002
0.000039
0.000370
0.002331
0.009334
0.022626
0.034329
0.038066
0.046168
0.046166
0.038072
0.034325
0.022621
0.009335
0.002333
0.000370
0.000039
0.000002
-0.000001
-0.000001
-0.000001
-0.000001
-0.000001
-0.000001
-0.000001
-0.000001
-0.000001
-0.000001
-0.000001
-0.000001
-0.000001
-0.000001
-0.000001
-0.000001
-0.000001
-0.000001
-0.000001
-0.000001
-0.000001
-0.000001
-0.000001
-0.000001
-0.000001
-0.000001
-0.000001
-0.000001
-0.000001
-0.000001
-0.000001
-0.000001
-0.000001
-0.000001
-0.000001
-0.000001
-0.000001
-0.000001
-0.000001
-0.000001
-0.000001
-0.000001
-0.000001
-0.000001
-0.000001
-0.000001
-0.000001
-0.000001
-0.000001
-0.000001
-0.000001
-0.000001
-0.000001
-0.000001
-0.000001
0.000002
0.000039
0.000370
0.002333
0.009335
0.022621
0.034325
0.038072
0.046166
0.046164
0.038077
0.034321
0.022617
0.009336
0.002335
0.000371
0.000039
0.000002
-0.000001
-0.000001
-0.000001
-0.000001
-0.000001
-0.000001
-0.000001
-0.000001
-0.000001
-0.000001
-0.000001
-0.000001
-0.000001
-0.000001
-0.000001
-0.000001
-0.000001
-0.000001
-0.000001
-0.000001
-0.000001
-0.000001
-0.000001
-0.000001
-0.000001
-0.000001
-0.000001
-0.000001
-0.000001
-0.000001
-0.000001
-0.000001
-0.000001
-0.000001
-0.000001
-0.000001
-0.000001
-0.000001
-0.000001
-0.000001
-0.000001
-0.000001
-0.000001
-0.000001
-0.000001
-0.000001
-0.000001
-0.000001
-0.000001
-0.000001
-0.000001
-0.000001
-0.000001
-0.000001
-0.000001
-0.000001
0.000002
0.000039
0.000371
0.002335
0.009336
0.022617
0.034321
0.038077
0.046164
0.046162
0.038083
0.034317
0.022613
0.009337
0.002336
0.000371
0.000040
0.000002
-0.000001
-0.000001
-0.000001
-0.000001
-0.000001
-0.000001
-0.000001
-0.000001
-0.000001
-0.000001
-0.000001
-0.000001
-0.000001
-0.000001
-0.000001
-0.000001
-0.000001
-0.000001
-0.000001
-0.000001
-0.000001
-0.000001
-0.000001
-0.000001
-0.000001
-0.000001
-0.000001
-0.000001
-0.000001
-0.000001
-0.000001
-0.000001
-0.000001
-0.000001
-0.000001
-0.000001
-0.000001
-0.000001
-0.000001
-0.000001
-0.000001
-0.000001
-0.000001
-0.000001
-0.000001
-0.000001
-0.000001
-0.000001
-0.000001
-0.000001
-0.000001
-0.000001
-0.000001
-0.000001
-0.000001
-0.000001
-0.000001
0.000002
0.000040
0.000371
0.002336
0.009337
0.022613
0.034317
0.038083
0.046162
0.046160
0.038087
0.034314
0.022609
0.009339
0.002338
0.000372
0.000040
0.000002
-0.000001
-0.000001
-0.000001
-0.000001
-0.000001
-0.000001
-0.000001
-0.000001
-0.000001
-0.000001
-0.000001
-0.000001
-0.000001
-0.000001
-0.000001
-0.000001
-0.000001
-0.000001
-0.000001
-0.000001
-0.000001
-0.000001
-0.000001
-0.000001
-0.000001
-0.000001
-0.000001
-0.000001
-0.000001
-0.000001
-0.000001
-0.000001
-0.000001
-0.000001
-0.000001
-0.000001
-0.000001
-0.000001
-0.000001
-0.000001
-0.000001
-0.000001
-0.000001
-0.000001
-0.000001
-0.000001
-0.000001
-0.000001
-0.000001
-0.000001
-0.000001
-0.000001
-0.000001
-0.000001
-0.000001
-0.000001
-0.000001
-0.000001
0.000002
0.000040
0.000372
0.002338
0.009339
0.022609
0.034314
0.038087
0.046160
0.046159
0.038091
0.034310
0.022606
0.009340
0.002340
0.000373
0.000040
0.000002
-0.000001
-0.000001
-0.000001
-0.000001
-0.000001
-0.000001
-0.000001
-0.000001
-0.000001
-0.000001
-0.000001
-0.000001
-0.000001
-0.000001
-0.000001
-0.000001
-0.000001
-0.000001
-0.000001
-0.000001
-0.000001
-0.000001
-0.000001
-0.000001
-0.000001
-0.000001
-0.000001
-0.000001
-0.000001
-0.000001
-0.000001
-0.000001
-0.000001
-0.000001
-0.000001
-0.000001
-0.000001
-0.000001
-0.000001
-0.000001
-0.000001
-0.000001
-0.000001
-0.000001
-0.000001
-0.000001
-0.000001
-0.000001
-0.000001
-0.000001
-0.000001
-0.000001
-0.000001
-0.000001
-0.000001
-0.000001
-0.000001
-0.000001
-0.000001
0.000002
0.000040
0.000373
0.002340
0.009340
0.022606
0.034310
0.038091
0.046159
0.046158
0.038096
0.034307
0.022603
0.009341
0.002341
0.000373
0.000040
0.000002
-0.000001
-0.000001
-0.000001
-0.000001
-0.000001
-0.000001
-0.000001
-0.000001
-0.000001
-0.000001
-0.000001
-0.000001
-0.000001
-0.000001
-0.000001
-0.000001
-0.000001
-0.000001
-0.000001
-0.000001
-0.000001
-0.000001
-0.000001
-0.000001
-0.000001
-0.000001
-0.000001
-0.000001
-0.000001
-0.000001
-0.000001
-0.000001
-0.000001
-0.000001
-0.000001
-0.000001
-0.000001
-0.000001
-0.000001
-0.000001
-0.000001
-0.000001
-0.000001
-0.000001
-0.000001
-0.000001
-0.000001
-0.000001
-0.000001
-0.000001
-0.000001
-0.000001
-0.000001
-0.000001
-0.000001
-0.000001
-0.000001
-0.000001
-0.000001
-0.000001
0.000002
0.000040
0.000373
0.002341
0.009341
0.022603
0.034307
0.038096
0.046158
0.046160
0.038099
0.034303
0.022600
0.009342
0.002342
0.000374
0.000040
0.000002
-0.000001
-0.000001
-0.000001
-0.000001
-0.000001
-0.000001
-0.000001
-0.000001
-0.000001
-0.000001
-0.000001
-0.000001
-0.000001
-0.000001
-0.000001
-0.000001
-0.000001
-0.000001
-0.000001
-0.000001
-0.000001
-0.000001
-0.000001
-0.000001
-0.000001
-0.000001
-0.000001
-0.000001
-0.000001
-0.000001
-0.000001
-0.000001
-0.000001
-0.000001
-0.000001
-0.000001
-0.000001
-0.000001
-0.000001
-0.000001
-0.000001
-0.000001
-0.000001
-0.000001
-0.000001
-0.000001
-0.000001
-0.000001
-0.000001
-0.000001
-0.000001
-0.000001
-0.000001
-0.000001
-0.000001
-0.000001
-0.000001
-0.000001
-0.000001
-0.000001
-0.000001
0.000002
0.000040
0.000374
0.002342
0.009342
0.022600
0.034303
0.038099
0.046160
0.046163
0.038101
0.034299
0.022599
0.009343
0.002344
0.000374
0.000040
0.000002
-0.000001
-0.000001
-0.000001
-0.000001
-0.000001
-0.000001
-0.000001
-0.000001
-0.000001
-0.000001
-0.000001
-0.000001
-0.000001
-0.000001
-0.000001
-0.000001
-0.000001
-0.000001
-0.000001
-0.000001
-0.000001
-0.000001
-0.000001
-0.000001
-0.000001
-0.000001
-0.000001
-0.000001
-0.000001
-0.000001
-0.000001
-0.000001
-0.000001
-0.000001
-0.000001
-0.000001
-0.000001
-0.000001
-0.000001
-0.000001
-0.000001
-0.000001
-0.000001
-0.000001
-0.000001
-0.000001
-0.000001
-0.000001
-0.000001
-0.000001
-0.000001
-0.000001
-0.000001
-0.000001
-0.000001
-0.000001
-0.000001
-0.000001
-0.000001
-0.000001
-0.000001
-0.000001
0.000002
0.000040
0.000374
0.002344
0.009343
0.022599
0.034299
0.038101
0.046163
0.046159
0.038100
0.034296
0.022599
0.009344
0.002344
0.000374
0.000040
0.000002
-0.000001
-0.000001
-0.000001
-0.000001
-0.000001
-0.000001
-0.000001
-0.000001
-0.000001
-0.000001
-0.000001
-0.000001
-0.000001
-0.000001
-0.000001
-0.000001
-0.000001
-0.000001
-0.000001
-0.000001
-0.000001
-0.000001
-0.000001
-0.000001
-0.000001
-0.000001
-0.000001
-0.000001
-0.000001
-0.000001
-0.000001
-0.000001
-0.000001
-0.000001
-0.000001
-0.000001
-0.000001
-0.000001
-0.000001
-0.000001
-0.000001
-0.000001
-0.000001
-0.000001
-0.000001
-0.000001
-0.000001
-0.000001
-0.000001
-0.000001
-0.000001
-0.000001
-0.000001
-0.000001
-0.000001
-0.000001
-0.000001
-0.000001
-0.000001
-0.000001
-0.000001
-0.000001
-0.000001
0.000002
0.000040
0.000374
0.002344
0.009344
0.022599
0.034296
0.038100
0.046159
0.046122
0.038097
0.034298
0.022601
0.009344
0.002344
0.000374
0.000040
0.000002
-0.000001
-0.000001
-0.000001
-0.000001
-0.000001
-0.000001
-0.000001
-0.000001
-0.000001
-0.000001
-0.000001
-0.000001
-0.000001
-0.000001
-0.000001
-0.000001
-0.000001
-0.000001
-0.000001
-0.000001
-0.000001
-0.000001
-0.000001
-0.000001
-0.000001
-0.000001
-0.000001
-0.000001
-0.000001
-0.000001
-0.000001
-0.000001
-0.000001
-0.000001
-0.000001
-0.000001
-0.000001
-0.000001
-0.000001
-0.000001
-0.000001
-0.000001
-0.000001
-0.000001
-0.000001
-0.000001
-0.000001
-0.000001
-0.000001
-0.000001
-0.000001
-0.000001
-0.000001
-0.000001
-0.000001
-0.000001
-0.000001
-0.000001
-0.000001
-0.000001
-0.000001
-0.000001
-0.000001
-0.000001
0.000002
0.000040
0.000374
0.002344
0.009344
0.022601
0.034298
0.038097
0.046122
0.046023
0.038099
0.034315
0.022607
0.009342
0.002342
0.000374
0.000040
0.000002
-0.000001
-0.000001
-0.000001
-0.000001
-0.000001
-0.000001
-0.000001
-0.000001
-0.000001
-0.000001
-0.000001
-0.000001
-0.000001
-0.000001
-0.000001
-0.000001
-0.000001
-0.000001
-0.000001
-0.000001
-0.000001
-0.000001
-0.000001
-0.000001
-0.000001
-0.000001
-0.000001
-0.000001
-0.000001
-0.000001
-0.000001
-0.000001
-0.000001
-0.000001
-0.000001
-0.000001
-0.000001
-0.000001
-0.000001
-0.000001
-0.000001
-0.000001
-0.000001
-0.000001
-0.000001
-0.000001
-0.000001
-0.000001
-0.000001
-0.000001
-0.000001
-0.000001
-0.000001
-0.000001
-0.000001
-0.000001
-0.000001
-0.000001
-0.000001
-0.000001
-0.000001
-0.000001
-0.000001
-0.000001
-0.000001
0.000002
0.000040
0.000374
0.002342
0.009342
0.022607
0.034315
0.038099
0.046023
0.045858
0.038119
0.034354
0.022617
0.009337
0.002339
0.000373
0.000040
0.000002
-0.000001
-0.000001
-0.000001
-0.000001
-0.000001
-0.000001
-0.000001
-0.000001
-0.000001
-0.000001
-0.000001
-0.000001
-0.000001
-0.000001
-0.000001
-0.000001
-0.000001
-0.000001
-0.000001
-0.000001
-0.000001
-0.000001
-0.000001
-0.000001
-0.000001
-0.000001
-0.000001
-0.000001
-0.000001
-0.000001
-0.000001
-0.000001
-0.000001
-0.000001
-0.000001
-0.000001
-0.000001
-0.000001
-0.000001
-0.000001
-0.000001
-0.000001
-0.000001
-0.000001
-0.000001
-0.000001
-0.000001
-0.000001
-0.000001
-0.000001
-0.000001
-0.000001
-0.000001
-0.000001
-0.000001
-0.000001
-0.000001
-0.000001
-0.000001
-0.000001
-0.000001
-0.000001
-0.000001
-0.000001
-0.000001
-0.000001
0.000002
0.000040
0.000373
0.002339
0.009337
0.022617
0.034354
0.038119
0.045858
0.045673
0.038146
0.034411
0.022632
0.009328
0.002333
0.000372
0.000040
0.000002
-0.000001
-0.000001
-0.000001
-0.000001
-0.000001
-0.000001
-0.000001
-0.000001
-0.000001
-0.000001
-0.000001
-0.000001
-0.000001
-0.000001
-0.000001
-0.000001
-0.000001
-0.000001
-0.000001
-0.000001
-0.000001
-0.000001
-0.000001
-0.000001
-0.000001
-0.000001
-0.000001
-0.000001
-0.000001
-0.000001
-0.000001
-0.000001
-0.000001
-0.000001
-0.000001
-0.000001
-0.000001
-0.000001
-0.000001
-0.000001
-0.000001
-0.000001
-0.000001
-0.000001
-0.000001
-0.000001
-0.000001
-0.000001
-0.000001
-0.000001
-0.000001
-0.000001
-0.000001
-0.000001
-0.000001
-0.000001
-0.000001
-0.000001
-0.000001
-0.000001
-0.000001
-0.000001
-0.000001
-0.000001
-0.000001
-0.000001
-0.000001
0.000002
0.000040
0.000372
0.002333
0.009328
0.022632
0.034411
0.038146
0.045673
0.045517
0.038134
0.034483
0.022653
0.009314
0.002324
0.000370
0.000040
0.000002
-0.000001
-0.000001
-0.000001
-0.000001
-0.000001
-0.000001
-0.000001
-0.000001
-0.000001
-0.000001
-0.000001
-0.000001
-0.000001
-0.000001
-0.000001
-0.000001
-0.000001
-0.000001
-0.000001
-0.000001
-0.000001
-0.000001
-0.000001
-0.000001
-0.000001
-0.000001
-0.000001
-0.000001
-0.000001
-0.000001
-0.000001
-0.000001
-0.000001
-0.000001
-0.000001
-0.000001
-0.000001
-0.000001
-0.000001
-0.000001
-0.000001
-0.000001
-0.000001
-0.000001
-0.000001
-0.000001
-0.000001
-0.000001
-0.000001
-0.000001
-0.000001
-0.000001
-0.000001
-0.000001
-0.000001
-0.000001
-0.000001
-0.000001
-0.000001
-0.000001
-0.000001
-0.000001
-0.000001
-0.000001
-0.000001
-0.000001
-0.000001
-0.000001
0.000002
0.000040
0.000370
0.002324
0.009314
0.022653
0.034483
0.038134
0.045517
0.045416
0.038046
0.034589
0.022690
0.009296
0.002311
0.000367
0.000039
0.000002
-0.000001
-0.000001
-0.000001
-0.000001
-0.000001
-0.000001
-0.000001
-0.000001
-0.000001
-0.000001
-0.000001
-0.000001
-0.000001
-0.000001
-0.000001
-0.000001
-0.000001
-0.000001
-0.000001
-0.000001
-0.000001
-0.000001
-0.000001
-0.000001
-0.000001
-0.000001
-0.000001
-0.000001
-0.000001
-0.000001
-0.000001
-0.000001
-0.000001
-0.000001
-0.000001
-0.000001
-0.000001
-0.000001
-0.000001
-0.000001
-0.000001
-0.000001
-0.000001
-0.000001
-0.000001
-0.000001
-0.000001
-0.000001
-0.000001
-0.000001
-0.000001
-0.000001
-0.000001
-0.000001
-0.000001
-0.000001
-0.000001
-0.000001
-0.000001
-0.000001
-0.000001
-0.000001
-0.000001
-0.000001
-0.000001
-0.000001
-0.000001
-0.000001
-0.000001
0.000002
0.000039
0.000367
0.002311
0.009296
0.022690
0.034589
0.038046
0.045416
0.045527
0.037856
0.034749
0.022752
0.009273
0.002295
0.000363
0.000039
0.000002
-0.000001
-0.000001
-0.000001
-0.000001
-0.000001
-0.000001
-0.000001
-0.000001
-0.000001
-0.000001
-0.000001
-0.000001
-0.000001
-0.000001
-0.000001
-0.000001
-0.000001
-0.000001
-0.000001
-0.000001
-0.000001
-0.000001
-0.000001
-0.000001
-0.000001
-0.000001
-0.000001
-0.000001
-0.000001
-0.000001
-0.000001
-0.000001
-0.000001
-0.000001
-0.000001
-0.000001
-0.000001
-0.000001
-0.000001
-0.000001
-0.000001
-0.000001
-0.000001
-0.000001
-0.000001
-0.000001
-0.000001
-0.000001
-0.000001
-0.000001
-0.000001
-0.000001
-0.000001
-0.000001
-0.000001
-0.000001
-0.000001
-0.000001
-0.000001
-0.000001
-0.000001
-0.000001
-0.000001
-0.000001
-0.000001
-0.000001
-0.000001
-0.000001
-0.000001
-0.000001
0.000002
0.000039
0.000363
0.002295
0.009273
0.022752
0.034749
0.037856
0.045527
0.046114
0.037519
0.034894
0.022847
0.009251
0.002275
0.000359
0.000038
0.000002
-0.000001
-0.000001
-0.000001
-0.000001
-0.000001
-0.000001
-0.000001
-0.000001
-0.000001
-0.000001
-0.000001
-0.000001
-0.000001
-0.000001
-0.000001
-0.000001
-0.000001
-0.000001
-0.000001
-0.000001
-0.000001
-0.000001
-0.000001
-0.000001
-0.000001
-0.000001
-0.000001
-0.000001
-0.000001
-0.000001
-0.000001
-0.000001
-0.000001
-0.000001
-0.000001
-0.000001
-0.000001
-0.000001
-0.000001
-0.000001
-0.000001
-0.000001
-0.000001
-0.000001
-0.000001
-0.000001
-0.000001
-0.000001
-0.000001
-0.000001
-0.000001
-0.000001
-0.000001
-0.000001
-0.000001
-0.000001
-0.000001
-0.000001
-0.000001
-0.000001
-0.000001
-0.000001
-0.000001
-0.000001
-0.000001
-0.000001
-0.000001
-0.000001
-0.000001
-0.000001
-0.000001
0.000002
0.000038
0.000359
0.002275
0.009251
0.022847
0.034894
0.037519
0.046114
0.046637
0.037262
0.034763
0.022991
0.009248
0.002259
0.000357
0.000040
0.000005
0.000002
0.000002
0.000002
0.000002
0.000002
0.000002
0.000002
0.000002
0.000002
0.000002
0.000002
0.000002
0.000002
0.000002
0.000002
0.000002
0.000002
0.000002
0.000002
0.000002
0.000002
0.000002
0.000002
0.000002
0.000002
0.000002
0.000002
0.000002
0.000002
0.000002
0.000002
0.000002
0.000002
0.000002
0.000002
0.000002
0.000002
0.000002
0.000002
0.000002
0.000002
0.000002
0.000002
0.000002
0.000002
0.000002
0.000002
0.000002
0.000002
0.000002
0.000002
0.000002
0.000002
0.000002
0.000002
0.000002
0.000002
0.000002
0.000002
0.000002
0.000002
0.000002
0.000002
0.000002
0.000002
0.000002
0.000002
0.000002
0.000002
0.000002
0.000002
0.000002
0.000005
0.000040
0.000357
0.002259
0.009248
0.022991
0.034763
0.037262
0.046637
0.045830
0.037311
0.033848
0.023240
0.009330
0.002284
0.000388
0.000075
0.000040
0.000038
0.000039
0.000039
0.000040
0.000040
0.000040
0.000040
0.000040
0.000040
0.000040
0.000040
0.000040
0.000040
0.000040
0.000040
0.000039
0.000039
0.000039
0.000039
0.000039
0.000039
0.000039
0.000039
0.000038
0.000038
0.000038
0.000038
0.000038
0.000038
0.000038
0.000038
0.000038
0.000038
0.000038
0.000038
0.000038
0.000038
0.000038
0.000038
0.000038
0.000038
0.000038
0.000038
0.000038
0.000038
0.000038
0.000038
0.000038
0.000038
0.000038
0.000039
0.000039
0.000039
0.000039
0.000039
0.000039
0.000039
0.000039
0.000040
0.000040
0.000040
0.000040
0.000040
0.000040
0.000040
0.000040
0.000040
0.000040
0.000040
0.000040
0.000039
0.000039
0.000038
0.000040
0.000075
0.000388
0.002284
0.009330
0.023240
0.033848
0.037311
0.045830
0.045535
0.037541
0.033049
0.023714
0.009820
0.002628
0.000703
0.000388
0.000357
0.000359
0.000363
0.000367
0.000370
0.000372
0.000373
0.000374
0.000374
0.000374
0.000374
0.000374
0.000373
0.000373
0.000372
0.000371
0.000371
0.000370
0.000370
0.000369
0.000368
0.000368
0.000367
0.000366
0.000366
0.000365
0.000364
0.000364
0.000363
0.000363
0.000362
0.000362
0.000361
0.000361
0.000361
0.000361
0.000360
0.000360
0.000360
0.000360
0.000361
0.000361
0.000361
0.000361
0.000362
0.000362
0.000363
0.000363
0.000364
0.000364
0.000365
0.000366
0.000366
0.000367
0.000368
0.000368
0.000369
0.000370
0.000370
0.000371
0.000371
0.000372
0.000373
0.000373
0.000374
0.000374
0.000374
0.000374
0.000374
0.000373
0.000372
0.000370
0.000367
0.000363
0.000359
0.000357
0.000388
0.000703
0.002628
0.009820
0.023714
0.033049
0.037541
0.045535
0.040512
0.037685
0.033950
0.024201
0.011965
0.004695
0.002628
0.002284
0.002259
0.002275
0.002295
0.002311
0.002324
0.002333
0.002339
0.002342
0.002344
0.002344
0.002344
0.002342
0.002341
0.002340
0.002338
0.002336
0.002335
0.002333
0.002331
0.002329
0.002327
0.002326
0.002324
0.002322
0.002320
0.002318
0.002316
0.002314
0.002312
0.002311
0.002309
0.002308
0.002307
0.002305
0.002305
0.002304
0.002303
0.002303
0.002303
0.002303
0.002303
0.002304
0.002305
0.002305
0.002307
0.002308
0.002309
0.002311
0.002312
0.002314
0.002316
0.002318
0.002320
0.002322
0.002324
0.002326
0.002327
0.002329
0.002331
0.002333
0.002335
0.002336
0.002338
0.002340
0.002341
0.002342
0.002344
0.002344
0.002344
0.002342
0.002339
0.002333
0.002324
0.002311
0.002295
0.002275
0.002259
0.002284
0.002628
0.004695
0.011965
0.024201
0.033950
0.037685
0.040512
0.045071
0.037250
0.042183
0.028337
0.017425
0.011965
0.009820
0.009330
0.009248
0.009251
0.009273
0.009296
0.009314
0.009328
0.009337
0.009342
0.009344
0.009344
0.009343
0.009342
0.009341
0.009340
0.009339
0.009337
0.009336
0.009335
0.009334
0.009333
0.009332
0.009331
0.009330
0.009329
0.009328
0.009326
0.009325
0.009324
0.009322
0.009321
0.009320
0.009319
0.009318
0.009317
0.009316
0.009316
0.009315
0.009315
0.009315
0.009315
0.009315
0.009315
0.009316
0.009316
0.009317
0.009318
0.009319
0.009320
0.009321
0.009322
0.009324
0.009325
0.009326
0.009328
0.009329
0.009330
0.009331
0.009332
0.009333
0.009334
0.009335
0.009336
0.009337
0.009339
0.009340
0.009341
0.009342
0.009343
0.009344
0.009344
0.009342
0.009337
0.009328
0.009314
0.009296
0.009273
0.009251
0.009248
0.009330
0.009820
0.011965
0.017425
0.028337
0.042183
0.037250
0.045071
0.036425
0.051005
0.056770
0.033181
0.028337
0.024201
0.023714
0.023240
0.022991
0.022847
0.022752
0.022690
0.022653
0.022632
0.022617
0.022607
0.022601
0.022599
0.022599
0.022600
0.022603
0.022606
0.022609
0.022613
0.022617
0.022621
0.022626
0.022631
0.022635
0.022640
0.022645
0.022650
0.022655
0.022660
0.022664
0.022669
0.022674
0.022678
0.022682
0.022686
0.022690
0.022693
0.022696
0.022698
0.022700
0.022702
0.022702
0.022703
0.022702
0.022702
0.022700
0.022698
0.022696
0.022693
0.022690
0.022686
0.022682
0.022678
0.022674
0.022669
0.022664
0.022660
0.022655
0.022650
0.022645
0.022640
0.022635
0.022631
0.022626
0.022621
0.022617
0.022613
0.022609
0.022606
0.022603
0.022600
0.022599
0.022599
0.022601
0.022607
0.022617
0.022632
0.022653
0.022690
0.022752
0.022847
0.022991
0.023240
0.023714
0.024201
0.028337
0.033181
0.056770
0.051005
0.036425
0.077686
0.086026
0.069643
0.056770
0.042183
0.033950
0.033049
0.033848
0.034763
0.034894
0.034749
0.034589
0.034483
0.034411
0.034354
0.034315
0.034298
0.034296
0.034299
0.034303
0.034307
0.034310
0.034314
0.034317
0.034321
0.034325
0.034329
0.034333
0.034338
0.034342
0.034347
0.034352
0.034358
0.034364
0.034370
0.034376
0.034382
0.034388
0.034394
0.034400
0.034405
0.034409
0.034413
0.034416
0.034419
0.034421
0.034422
0.034422
0.034422
0.034422
0.034421
0.034419
0.034416
0.034413
0.034409
0.034405
0.034400
0.034394
0.034388
0.034382
0.034376
0.034370
0.034364
0.034358
0.034352
0.034347
0.034342
0.034338
0.034333
0.034329
0.034325
0.034321
0.034317
0.034314
0.034310
0.034307
0.034303
0.034299
0.034296
0.034298
0.034315
0.034354
0.034411
0.034483
0.034589
0.034749
0.034894
0.034763
0.033848
0.033049
0.033950
0.042183
0.056770
0.069643
0.086026
0.077686
0.150371
0.125049
0.086026
0.051005
0.037250
0.037685
0.037541
0.037311
0.037262
0.037519
0.037856
0.038046
0.038134
0.038146
0.038119
0.038099
0.038097
0.038100
0.038101
0.038099
0.038096
0.038091
0.038087
0.038083
0.038077
0.038072
0.038066
0.038060
0.038054
0.038048
0.038043
0.038037
0.038032
0.038027
0.038022
0.038018
0.038013
0.038009
0.038005
0.038001
0.037997
0.037994
0.037990
0.037987
0.037985
0.037983
0.037981
0.037980
0.037980
0.037980
0.037981
0.037983
0.037985
0.037987
0.037990
0.037994
0.037997
0.038001
0.038005
0.038009
0.038013
0.038018
0.038022
0.038027
0.038032
0.038037
0.038043
0.038048
0.038054
0.038060
0.038066
0.038072
0.038077
0.038083
0.038087
0.038091
0.038096
0.038099
0.038101
0.038100
0.038097
0.038099
0.038119
0.038146
0.038134
0.038046
0.037856
0.037519
0.037262
0.037311
0.037541
0.037685
0.037250
0.051005
0.086026
0.125049
0.150371
0.000000
0.150371
0.077686
0.036425
0.045071
0.040512
0.045535
0.045830
0.046637
0.046114
0.045527
0.045416
0.045517
0.045673
0.045858
0.046023
0.046122
0.046159
0.046163
0.046160
0.046158
0.046159
0.046160
0.046162
0.046164
0.046166
0.046168
0.046170
0.046172
0.046174
0.046175
0.046176
0.046175
0.046174
0.046172
0.046170
0.046167
0.046163
0.046160
0.046156
0.046153
0.046150
0.046148
0.046146
0.046144
0.046143
0.046141
0.046141
0.046140
0.046140
0.046141
0.046141
0.046143
0.046144
0.046146
0.046148
0.046150
0.046153
0.046156
0.046160
0.046163
0.046167
0.046170
0.046172
0.046174
0.046175
0.046176
0.046175
0.046174
0.046172
0.046170
0.046168
0.046166
0.046164
0.046162
0.046160
0.046159
0.046158
0.046160
0.046163
0.046159
0.046122
0.046023
0.045858
0.045673
0.045517
0.045416
0.045527
0.046114
0.046637
0.045830
0.045535
0.040512
0.045071
0.036425
0.077686
0.150371
0.000000
0.000000
0.000000
0.000000
0.000000
0.125049
0.000000
0.000000
0.086026
0.086026
0.000000
0.000000
0.051005
0.069643
0.051005
0.000000
0.000000
0.037250
0.056770
0.056770
0.037250
0.000000
0.000000
0.037685
0.042183
0.033181
0.042183
0.037685
0.000000
0.000000
0.037541
0.033950
0.028337
0.028337
0.033950
0.037541
0.000000
0.000000
0.037311
0.033049
0.024201
0.017425
0.024201
0.033049
0.037311
0.000000
0.000000
0.037262
0.033848
0.023714
0.011965
0.011965
0.023714
0.033848
0.037262
0.000000
0.000000
0.037519
0.034763
0.023240
0.009820
0.004695
0.009820
0.023240
0.034763
0.037519
0.000000
0.000000
0.037856
0.034894
0.022991
0.009330
0.002628
0.002628
0.009330
0.022991
0.034894
0.037856
0.000000
0.000000
0.038046
0.034749
0.022847
0.009248
0.002284
0.000703
0.002284
0.009248
0.022847
0.034749
0.038046
0.000000
0.000000
0.038134
0.034589
0.022752
0.009251
0.002259
0.000388
0.000388
0.002259
0.009251
0.022752
0.034589
0.038134
0.000000
0.000000
0.038146
0.034483
0.022690
0.009273
0.002275
0.000357
0.000075
0.000357
0.002275
0.009273
0.022690
0.034483
0.038146
0.000000
0.000000
0.038119
0.034411
0.022653
0.009296
0.002295
0.000359
0.000040
0.000040
0.000359
0.002295
0.009296
0.022653
0.034411
0.038119
0.000000
0.000000
0.038099
0.034354
0.022632
0.009314
0.002311
0.000363
0.000038
0.000005
0.000038
0.000363
0.002311
0.009314
0.022632
0.034354
0.038099
0.000000
0.000000
0.038097
0.034315
0.022617
0.009328
0.002324
0.000367
0.000039
0.000002
0.000002
0.000039
0.000367
0.002324
0.009328
0.022617
0.034315
0.038097
0.000000
0.000000
0.038100
0.034298
0.022607
0.009337
0.002333
0.000370
0.000039
0.000002
-0.000001
0.000002
0.000039
0.000370
0.002333
0.009337
0.022607
0.034298
0.038100
0.000000
0.000000
0.038101
0.034296
0.022601
0.009342
0.002339
0.000372
0.000040
0.000002
-0.000001
-0.000001
0.000002
0.000040
0.000372
0.002339
0.009342
0.022601
0.034296
0.038101
0.000000
0.000000
0.038099
0.034299
0.022599
0.009344
0.002342
0.000373
0.000040
0.000002
-0.000001
-0.000001
-0.000001
0.000002
0.000040
0.000373
0.002342
0.009344
0.022599
0.034299
0.038099
0.000000
0.000000
0.038096
0.034303
0.022599
0.009344
0.002344
0.000374
0.000040
0.000002
-0.000001
-0.000001
-0.000001
-0.000001
0.000002
0.000040
0.000374
0.002344
0.009344
0.022599
0.034303
0.038096
0.000000
0.000000
0.038091
0.034307
0.022600
0.009343
0.002344
0.000374
0.000040
0.000002
-0.000001
-0.000001
-0.000001
-0.000001
-0.000001
0.000002
0.000040
0.000374
0.002344
0.009343
0.022600
0.034307
0.038091
0.000000
0.000000
0.038087
0.034310
0.022603
0.009342
0.002344
0.000374
0.000040
0.000002
-0.000001
-0.000001
-0.000001
-0.000001
-0.000001
-0.000001
0.000002
0.000040
0.000374
0.002344
0.009342
0.022603
0.034310
0.038087
0.000000
0.000000
0.038083
0.034314
0.022606
0.009341
0.002342
0.000374
0.000040
0.000002
-0.000001
-0.000001
-0.000001
-0.000001
-0.000001
-0.000001
-0.000001
0.000002
0.000040
0.000374
0.002342
0.009341
0.022606
0.034314
0.038083
0.000000
0.000000
0.038077
0.034317
0.022609
0.009340
0.002341
0.000374
0.000040
0.000002
-0.000001
-0.000001
-0.000001
-0.000001
-0.000001
-0.000001
-0.000001
-0.000001
0.000002
0.000040
0.000374
0.002341
0.009340
0.022609
0.034317
0.038077
0.000000
0.000000
0.038072
0.034321
0.022613
0.009339
0.002340
0.000373
0.000040
0.000002
-0.000001
-0.000001
-0.000001
-0.000001
-0.000001
-0.000001
-0.000001
-0.000001
-0.000001
0.000002
0.000040
0.000373
0.002340
0.009339
0.022613
0.034321
0.038072
0.000000
0.000000
0.038066
0.034325
0.022617
0.009337
0.002338
0.000373
0.000040
0.000002
-0.000001
-0.000001
-0.000001
-0.000001
-0.000001
-0.000001
-0.000001
-0.000001
-0.000001
-0.000001
0.000002
0.000040
0.000373
0.002338
0.009337
0.022617
0.034325
0.038066
0.000000
0.000000
0.038060
0.034329
0.022621
0.009336
0.002336
0.000372
0.000040
0.000002
-0.000001
-0.000001
-0.000001
-0.000001
-0.000001
-0.000001
-0.000001
-0.000001
-0.000001
-0.000001
-0.000001
0.000002
0.000040
0.000372
0.002336
0.009336
0.022621
0.034329
0.038060
0.000000
0.000000
0.038054
0.034333
0.022626
0.009335
0.002335
0.000371
0.000040
0.000002
-0.000001
-0.000001
-0.000001
-0.000001
-0.000001
-0.000001
-0.000001
-0.000001
-0.000001
-0.000001
-0.000001
-0.000001
0.000002
0.000040
0.000371
0.002335
0.009335
0.022626
0.034333
0.038054
0.000000
0.000000
0.038048
0.034338
0.022631
0.009334
0.002333
0.000371
0.000040
0.000002
-0.000001
-0.000001
-0.000001
-0.000001
-0.000001
-0.000001
-0.000001
-0.000001
-0.000001
-0.000001
-0.000001
-0.000001
-0.000001
0.000002
0.000040
0.000371
0.002333
0.009334
0.022631
0.034338
0.038048
0.000000
0.000000
0.038043
0.034342
0.022635
0.009333
0.002331
0.000370
0.000039
0.000002
-0.000001
-0.000001
-0.000001
-0.000001
-0.000001
-0.000001
-0.000001
-0.000001
-0.000001
-0.000001
-0.000001
-0.000001
-0.000001
-0.000001
0.000002
0.000039
0.000370
0.002331
0.009333
0.022635
0.034342
0.038043
0.000000
0.000000
0.038037
0.034347
0.022640
0.009332
0.002329
0.000370
0.000039
0.000002
-0.000001
-0.000001
-0.000001
-0.000001
-0.000001
-0.000001
-0.000001
-0.000001
-0.000001
-0.000001
-0.000001
-0.000001
-0.000001
-0.000001
-0.000001
0.000002
0.000039
0.000370
0.002329
0.009332
0.022640
0.034347
0.038037
0.000000
0.000000
0.038032
0.034352
0.022645
0.009331
0.002327
0.000369
0.000039
0.000002
-0.000001
-0.000001
-0.000001
-0.000001
-0.000001
-0.000001
-0.000001
-0.000001
-0.000001
-0.000001
-0.000001
-0.000001
-0.000001
-0.000001
-0.000001
-0.000001
0.000002
0.000039
0.000369
0.002327
0.009331
0.022645
0.034352
0.038032
0.000000
0.000000
0.038027
0.034358
0.022650
0.009330
0.002326
0.000368
0.000039
0.000002
-0.000001
-0.000001
-0.000001
-0.000001
-0.000001
-0.000001
-0.000001
-0.000001
-0.000001
-0.000001
-0.000001
-0.000001
-0.000001
-0.000001
-0.000001
-0.000001
-0.000001
0.000002
0.000039
0.000368
0.002326
0.009330
0.022650
0.034358
0.038027
0.000000
0.000000
0.038022
0.034364
0.022655
0.009329
0.002324
0.000368
0.000039
0.000002
-0.000001
-0.000001
-0.000001
-0.000001
-0.000001
-0.000001
-0.000001
-0.000001
-0.000001
-0.000001
-0.000001
-0.000001
-0.000001
-0.000001
-0.000001
-0.000001
-0.000001
-0.000001
0.000002
0.000039
0.000368
0.002324
0.009329
0.022655
0.034364
0.038022
0.000000
0.000000
0.038018
0.034370
0.022660
0.009328
0.002322
0.000367
0.000039
0.000002
-0.000001
-0.000001
-0.000001
-0.000001
-0.000001
-0.000001
-0.000001
-0.000001
-0.000001
-0.000001
-0.000001
-0.000001
-0.000001
-0.000001
-0.000001
-0.000001
-0.000001
-0.000001
-0.000001
0.000002
0.000039
0.000367
0.002322
0.009328
0.022660
0.034370
0.038018
0.000000
0.000000
0.038013
0.034376
0.022664
0.009326
0.002320
0.000366
0.000039
0.000002
-0.000001
-0.000001
-0.000001
-0.000001
-0.000001
-0.000001
-0.000001
-0.000001
-0.000001
-0.000001
-0.000001
-0.000001
-0.000001
-0.000001
-0.000001
-0.000001
-0.000001
-0.000001
-0.000001
-0.000001
0.000002
0.000039
0.000366
0.002320
0.009326
0.022664
0.034376
0.038013
0.000000
0.000000
0.038009
0.034382
0.022669
0.009325
0.002318
0.000366
0.000039
0.000002
-0.000001
-0.000001
-0.000001
-0.000001
-0.000001
-0.000001
-0.000001
-0.000001
-0.000001
-0.000001
-0.000001
-0.000001
-0.000001
-0.000001
-0.000001
-0.000001
-0.000001
-0.000001
-0.000001
-0.000001
-0.000001
0.000002
0.000039
0.000366
0.002318
0.009325
0.022669
0.034382
0.038009
0.000000
0.000000
0.038005
0.034388
0.022674
0.009324
0.002316
0.000365
0.000038
0.000002
-0.000001
-0.000001
-0.000001
-0.000001
-0.000001
-0.000001
-0.000001
-0.000001
-0.000001
-0.000001
-0.000001
-0.000001
-0.000001
-0.000001
-0.000001
-0.000001
-0.000001
-0.000001
-0.000001
-0.000001
-0.000001
-0.000001
0.000002
0.000038
0.000365
0.002316
0.009324
0.022674
0.034388
0.038005
0.000000
0.000000
0.038001
0.034394
0.022678
0.009322
0.002314
0.000364
0.000038
0.000002
-0.000001
-0.000001
-0.000001
-0.000001
-0.000001
-0.000001
-0.000001
-0.000001
-0.000001
-0.000001
-0.000001
-0.000001
-0.000001
-0.000001
-0.000001
-0.000001
-0.000001
-0.000001
-0.000001
-0.000001
-0.000001
-0.000001
-0.000001
0.000002
0.000038
0.000364
0.002314
0.009322
0.022678
0.034394
0.038001
0.000000
0.000000
0.037997
0.034400
0.022682
0.009321
0.002312
0.000364
0.000038
0.000002
-0.000001
-0.000001
-0.000001
-0.000001
-0.000001
-0.000001
-0.000001
-0.000001
-0.000001
-0.000001
-0.000001
-0.000001
-0.000001
-0.000001
-0.000001
-0.000001
-0.000001
-0.000001
-0.000001
-0.000001
-0.000001
-0.000001
-0.000001
-0.000001
0.000002
0.000038
0.000364
0.002312
0.009321
0.022682
0.034400
0.037997
0.000000
0.000000
0.037994
0.034405
0.022686
0.009320
0.002311
0.000363
0.000038
0.000002
-0.000001
-0.000001
-0.000001
-0.000001
-0.000001
-0.000001
-0.000001
-0.000001
-0.000001
-0.000001
-0.000001
-0.000001
-0.000001
-0.000001
-0.000001
-0.000001
-0.000001
-0.000001
-0.000001
-0.000001
-0.000001
-0.000001
-0.000001
-0.000001
-0.000001
0.000002
0.000038
0.000363
0.002311
0.009320
0.022686
0.034405
0.037994
0.000000
0.000000
0.037990
0.034409
0.022690
0.009319
0.002309
0.000363
0.000038
0.000002
-0.000001
-0.000001
-0.000001
-0.000001
-0.000001
-0.000001
-0.000001
-0.000001
-0.000001
-0.000001
-0.000001
-0.000001
-0.000001
-0.000001
-0.000001
-0.000001
-0.000001
-0.000001
-0.000001
-0.000001
-0.000001
-0.000001
-0.000001
-0.000001
-0.000001
-0.000001
0.000002
0.000038
0.000363
0.002309
0.009319
0.022690
0.034409
0.037990
0.000000
0.000000
0.037987
0.034413
0.022693
0.009318
0.002308
0.000362
0.000038
0.000002
-0.000001
-0.000001
-0.000001
-0.000001
-0.000001
-0.000001
-0.000001
-0.000001
-0.000001
-0.000001
-0.000001
-0.000001
-0.000001
-0.000001
-0.000001
-0.000001
-0.000001
-0.000001
-0.000001
-0.000001
-0.000001
-0.000001
-0.000001
-0.000001
-0.000001
-0.000001
-0.000001
0.000002
0.000038
0.000362
0.002308
0.009318
0.022693
0.034413
0.037987
0.000000
0.000000
0.037985
0.034416
0.022696
0.009317
0.002307
0.000362
0.000038
0.000002
-0.000001
-0.000001
-0.000001
-0.000001
-0.000001
-0.000001
-0.000001
-0.000001
-0.000001
-0.000001
-0.000001
-0.000001
-0.000001
-0.000001
-0.000001
-0.000001
-0.000001
-0.000001
-0.000001
-0.000001
-0.000001
-0.000001
-0.000001
-0.000001
-0.000001
-0.000001
-0.000001
-0.000001
0.000002
0.000038
0.000362
0.002307
0.009317
0.022696
0.034416
0.037985
0.000000
0.000000
0.037983
0.034419
0.022698
0.009316
0.002305
0.000361
0.000038
0.000002
-0.000001
-0.000001
-0.000001
-0.000001
-0.000001
-0.000001
-0.000001
-0.000001
-0.000001
-0.000001
-0.000001
-0.000001
-0.000001
-0.000001
-0.000001
-0.000001
-0.000001
-0.000001
-0.000001
-0.000001
-0.000001
-0.000001
-0.000001
-0.000001
-0.000001
-0.000001
-0.000001
-0.000001
-0.000001
0.000002
0.000038
0.000361
0.002305
0.009316
0.022698
0.034419
0.037983
0.000000
0.000000
0.037981
0.034421
0.022700
0.009316
0.002305
0.000361
0.000038
0.000002
-0.000001
-0.000001
-0.000001
-0.000001
-0.000001
-0.000001
-0.000001
-0.000001
-0.000001
-0.000001
-0.000001
-0.000001
-0.000001
-0.000001
-0.000001
-0.000001
-0.000001
-0.000001
-0.000001
-0.000001
-0.000001
-0.000001
-0.000001
-0.000001
-0.000001
-0.000001
-0.000001
-0.000001
-0.000001
-0.000001
0.000002
0.000038
0.000361
0.002305
0.009316
0.022700
0.034421
0.037981
0.000000
0.000000
0.037980
0.034422
0.022702
0.009315
0.002304
0.000361
0.000038
0.000002
-0.000001
-0.000001
-0.000001
-0.000001
-0.000001
-0.000001
-0.000001
-0.000001
-0.000001
-0.000001
-0.000001
-0.000001
-0.000001
-0.000001
-0.000001
-0.000001
-0.000001
-0.000001
-0.000001
-0.000001
-0.000001
-0.000001
-0.000001
-0.000001
-0.000001
-0.000001
-0.000001
-0.000001
-0.000001
-0.000001
-0.000001
0.000002
0.000038
0.000361
0.002304
0.009315
0.022702
0.034422
0.037980
0.000000
0.000000
0.037980
0.034422
0.022702
0.009315
0.002303
0.000361
0.000038
0.000002
-0.000001
-0.000001
-0.000001
-0.000001
-0.000001
-0.000001
-0.000001
-0.000001
-0.000001
-0.000001
-0.000001
-0.000001
-0.000001
-0.000001
-0.000001
-0.000001
-0.000001
-0.000001
-0.000001
-0.000001
-0.000001
-0.000001
-0.000001
-0.000001
-0.000001
-0.000001
-0.000001
-0.000001
-0.000001
-0.000001
-0.000001
-0.000001
0.000002
0.000038
0.000361
0.002303
0.009315
0.022702
0.034422
0.037980
0.000000
0.000000
0.037980
0.034422
0.022703
0.009315
0.002303
0.000360
0.000038
0.000002
-0.000001
-0.000001
-0.000001
-0.000001
-0.000001
-0.000001
-0.000001
-0.000001
-0.000001
-0.000001
-0.000001
-0.000001
-0.000001
-0.000001
-0.000001
-0.000001
-0.000001
-0.000001
-0.000001
-0.000001
-0.000001
-0.000001
-0.000001
-0.000001
-0.000001
-0.000001
-0.000001
-0.000001
-0.000001
-0.000001
-0.000001
-0.000001
-0.000001
0.000002
0.000038
0.000360
0.002303
0.009315
0.022703
0.034422
0.037980
0.000000
0.000000
0.037981
0.034422
0.022702
0.009315
0.002303
0.000360
0.000038
0.000002
-0.000001
-0.000001
-0.000001
-0.000001
-0.000001
-0.000001
-0.000001
-0.000001
-0.000001
-0.000001
-0.000001
-0.000001
-0.000001
-0.000001
-0.000001
-0.000001
-0.000001
-0.000001
-0.000001
-0.000001
-0.000001
-0.000001
-0.000001
-0.000001
-0.000001
-0.000001
-0.000001
-0.000001
-0.000001
-0.000001
-0.000001
-0.000001
-0.000001
-0.000001
0.000002
0.000038
0.000360
0.002303
0.009315
0.022702
0.034422
0.037981
0.000000
0.000000
0.037983
0.034421
0.022702
0.009315
0.002303
0.000360
0.000038
0.000002
-0.000001
-0.000001
-0.000001
-0.000001
-0.000001
-0.000001
-0.000001
-0.000001
-0.000001
-0.000001
-0.000001
-0.000001
-0.000001
-0.000001
-0.000001
-0.000001
-0.000001
-0.000001
-0.000001
-0.000001
-0.000001
-0.000001
-0.000001
-0.000001
-0.000001
-0.000001
-0.000001
-0.000001
-0.000001
-0.000001
-0.000001
-0.000001
-0.000001
-0.000001
-0.000001
0.000002
0.000038
0.000360
0.002303
0.009315
0.022702
0.034421
0.037983
0.000000
0.000000
0.037985
0.034419
0.022700
0.009315
0.002303
0.000360
0.000038
0.000002
-0.000001
-0.000001
-0.000001
-0.000001
-0.000001
-0.000001
-0.000001
-0.000001
-0.000001
-0.000001
-0.000001
-0.000001
-0.000001
-0.000001
-0.000001
-0.000001
-0.000001
-0.000001
-0.000001
-0.000001
-0.000001
-0.000001
-0.000001
-0.000001
-0.000001
-0.000001
-0.000001
-0.000001
-0.000001
-0.000001
-0.000001
-0.000001
-0.000001
-0.000001
-0.000001
-0.000001
0.000002
0.000038
0.000360
0.002303
0.009315
0.022700
0.034419
0.037985
0.000000
0.000000
0.037987
0.034416
0.022698
0.009316
0.002304
0.000361
0.000038
0.000002
-0.000001
-0.000001
-0.000001
-0.000001
-0.000001
-0.000001
-0.000001
-0.000001
-0.000001
-0.000001
-0.000001
-0.000001
-0.000001
-0.000001
-0.000001
-0.000001
-0.000001
-0.000001
-0.000001
-0.000001
-0.000001
-0.000001
-0.000001
-0.000001
-0.000001
-0.000001
-0.000001
-0.000001
-0.000001
-0.000001
-0.000001
-0.000001
-0.000001
-0.000001
-0.000001
-0.000001
-0.000001
0.000002
0.000038
0.000361
0.002304
0.009316
0.022698
0.034416
0.037987
0.000000
0.000000
0.037990
0.034413
0.022696
0.009316
0.002305
0.000361
0.000038
0.000002
-0.000001
-0.000001
-0.000001
-0.000001
-0.000001
-0.000001
-0.000001
-0.000001
-0.000001
-0.000001
-0.000001
-0.000001
-0.000001
-0.000001
-0.000001
-0.000001
-0.000001
-0.000001
-0.000001
-0.000001
-0.000001
-0.000001
-0.000001
-0.000001
-0.000001
-0.000001
-0.000001
-0.000001
-0.000001
-0.000001
-0.000001
-0.000001
-0.000001
-0.000001
-0.000001
-0.000001
-0.000001
-0.000001
0.000002
0.000038
0.000361
0.002305
0.009316
0.022696
0.034413
0.037990
0.000000
0.000000
0.037994
0.034409
0.022693
0.009317
0.002305
0.000361
0.000038
0.000002
-0.000001
-0.000001
-0.000001
-0.000001
-0.000001
-0.000001
-0.000001
-0.000001
-0.000001
-0.000001
-0.000001
-0.000001
-0.000001
-0.000001
-0.000001
-0.000001
-0.000001
-0.000001
-0.000001
-0.000001
-0.000001
-0.000001
-0.000001
-0.000001
-0.000001
-0.000001
-0.000001
-0.000001
-0.000001
-0.000001
-0.000001
-0.000001
-0.000001
-0.000001
-0.000001
-0.000001
-0.000001
-0.000001
-0.000001
0.000002
0.000038
0.000361
0.002305
0.009317
0.022693
0.034409
0.037994
0.000000
0.000000
0.037997
0.034405
0.022690
0.009318
0.002307
0.000361
0.000038
0.000002
-0.000001
-0.000001
-0.000001
-0.000001
-0.000001
-0.000001
-0.000001
-0.000001
-0.000001
-0.000001
-0.000001
-0.000001
-0.000001
-0.000001
-0.000001
-0.000001
-0.000001
-0.000001
-0.000001
-0.000001
-0.000001
-0.000001
-0.000001
-0.000001
-0.000001
-0.000001
-0.000001
-0.000001
-0.000001
-0.000001
-0.000001
-0.000001
-0.000001
-0.000001
-0.000001
-0.000001
-0.000001
-0.000001
-0.000001
-0.000001
0.000002
0.000038
0.000361
0.002307
0.009318
0.022690
0.034405
0.037997
0.000000
0.000000
0.038001
0.034400
0.022686
0.009319
0.002308
0.000362
0.000038
0.000002
-0.000001
-0.000001
-0.000001
-0.000001
-0.000001
-0.000001
-0.000001
-0.000001
-0.000001
-0.000001
-0.000001
-0.000001
-0.000001
-0.000001
-0.000001
-0.000001
-0.000001
-0.000001
-0.000001
-0.000001
-0.000001
-0.000001
-0.000001
-0.000001
-0.000001
-0.000001
-0.000001
-0.000001
-0.000001
-0.000001
-0.000001
-0.000001
-0.000001
-0.000001
-0.000001
-0.000001
-0.000001
-0.000001
-0.000001
-0.000001
-0.000001
0.000002
0.000038
0.000362
0.002308
0.009319
0.022686
0.034400
0.038001
0.000000
0.000000
0.038005
0.034394
0.022682
0.009320
0.002309
0.000362
0.000038
0.000002
-0.000001
-0.000001
-0.000001
-0.000001
-0.000001
-0.000001
-0.000001
-0.000001
-0.000001
-0.000001
-0.000001
-0.000001
-0.000001
-0.000001
-0.000001
-0.000001
-0.000001
-0.000001
-0.000001
-0.000001
-0.000001
-0.000001
-0.000001
-0.000001
-0.000001
-0.000001
-0.000001
-0.000001
-0.000001
-0.000001
-0.000001
-0.000001
-0.000001
-0.000001
-0.000001
-0.000001
-0.000001
-0.000001
-0.000001
-0.000001
-0.000001
-0.000001
0.000002
0.000038
0.000362
0.002309
0.009320
0.022682
0.034394
0.038005
0.000000
0.000000
0.038009
0.034388
0.022678
0.009321
0.002311
0.000363
0.000038
0.000002
-0.000001
-0.000001
-0.000001
-0.000001
-0.000001
-0.000001
-0.000001
-0.000001
-0.000001
-0.000001
-0.000001
-0.000001
-0.000001
-0.000001
-0.000001
-0.000001
-0.000001
-0.000001
-0.000001
-0.000001
-0.000001
-0.000001
-0.000001
-0.000001
-0.000001
-0.000001
-0.000001
-0.000001
-0.000001
-0.000001
-0.000001
-0.000001
-0.000001
-0.000001
-0.000001
-0.000001
-0.000001
-0.000001
-0.000001
-0.000001
-0.000001
-0.000001
-0.000001
0.000002
0.000038
0.000363
0.002311
0.009321
0.022678
0.034388
0.038009
0.000000
0.000000
0.038013
0.034382
0.022674
0.009322
0.002312
0.000363
0.000038
0.000002
-0.000001
-0.000001
-0.000001
-0.000001
-0.000001
-0.000001
-0.000001
-0.000001
-0.000001
-0.000001
-0.000001
-0.000001
-0.000001
-0.000001
-0.000001
-0.000001
-0.000001
-0.000001
-0.000001
-0.000001
-0.000001
-0.000001
-0.000001
-0.000001
-0.000001
-0.000001
-0.000001
-0.000001
-0.000001
-0.000001
-0.000001
-0.000001
-0.000001
-0.000001
-0.000001
-0.000001
-0.000001
-0.000001
-0.000001
-0.000001
-0.000001
-0.000001
-0.000001
-0.000001
0.000002
0.000038
0.000363
0.002312
0.009322
0.022674
0.034382
0.038013
0.000000
0.000000
0.038018
0.034376
0.022669
0.009324
0.002314
0.000364
0.000038
0.000002
-0.000001
-0.000001
-0.000001
-0.000001
-0.000001
-0.000001
-0.000001
-0.000001
-0.000001
-0.000001
-0.000001
-0.000001
-0.000001
-0.000001
-0.000001
-0.000001
-0.000001
-0.000001
-0.000001
-0.000001
-0.000001
-0.000001
-0.000001
-0.000001
-0.000001
-0.000001
-0.000001
-0.000001
-0.000001
-0.000001
-0.000001
-0.000001
-0.000001
-0.000001
-0.000001
-0.000001
-0.000001
-0.000001
-0.000001
-0.000001
-0.000001
-0.000001
-0.000001
-0.000001
-0.000001
0.000002
0.000038
0.000364
0.002314
0.009324
0.022669
0.034376
0.038018
0.000000
0.000000
0.038022
0.034370
0.022664
0.009325
0.002316
0.000364
0.000038
0.000002
-0.000001
-0.000001
-0.000001
-0.000001
-0.000001
-0.000001
-0.000001
-0.000001
-0.000001
-0.000001
-0.000001
-0.000001
-0.000001
-0.000001
-0.000001
-0.000001
-0.000001
-0.000001
-0.000001
-0.000001
-0.000001
-0.000001
-0.000001
-0.000001
-0.000001
-0.000001
-0.000001
-0.000001
-0.000001
-0.000001
-0.000001
-0.000001
-0.000001
-0.000001
-0.000001
-0.000001
-0.000001
-0.000001
-0.000001
-0.000001
-0.000001
-0.000001
-0.000001
-0.000001
-0.000001
-0.000001
0.000002
0.000038
0.000364
0.002316
0.009325
0.022664
0.034370
0.038022
0.000000
0.000000
0.038027
0.034364
0.022660
0.009326
0.002318
0.000365
0.000038
0.000002
-0.000001
-0.000001
-0.000001
-0.000001
-0.000001
-0.000001
-0.000001
-0.000001
-0.000001
-0.000001
-0.000001
-0.000001
-0.000001
-0.000001
-0.000001
-0.000001
-0.000001
-0.000001
-0.000001
-0.000001
-0.000001
-0.000001
-0.000001
-0.000001
-0.000001
-0.000001
-0.000001
-0.000001
-0.000001
-0.000001
-0.000001
-0.000001
-0.000001
-0.000001
-0.000001
-0.000001
-0.000001
-0.000001
-0.000001
-0.000001
-0.000001
-0.000001
-0.000001
-0.000001
-0.000001
-0.000001
-0.000001
0.000002
0.000038
0.000365
0.002318
0.009326
0.022660
0.034364
0.038027
0.000000
0.000000
0.038032
0.034358
0.022655
0.009328
0.002320
0.000366
0.000038
0.000002
-0.000001
-0.000001
-0.000001
-0.000001
-0.000001
-0.000001
-0.000001
-0.000001
-0.000001
-0.000001
-0.000001
-0.000001
-0.000001
-0.000001
-0.000001
-0.000001
-0.000001
-0.000001
-0.000001
-0.000001
-0.000001
-0.000001
-0.000001
-0.000001
-0.000001
-0.000001
-0.000001
-0.000001
-0.000001
-0.000001
-0.000001
-0.000001
-0.000001
-0.000001
-0.000001
-0.000001
-0.000001
-0.000001
-0.000001
-0.000001
-0.000001
-0.000001
-0.000001
-0.000001
-0.000001
-0.000001
-0.000001
-0.000001
0.000002
0.000038
0.000366
0.002320
0.009328
0.022655
0.034358
0.038032
0.000000
0.000000
0.038037
0.034352
0.022650
0.009329
0.002322
0.000366
0.000039
0.000002
-0.000001
-0.000001
-0.000001
-0.000001
-0.000001
-0.000001
-0.000001
-0.000001
-0.000001
-0.000001
-0.000001
-0.000001
-0.000001
-0.000001
-0.000001
-0.000001
-0.000001
-0.000001
-0.000001
-0.000001
-0.000001
-0.000001
-0.000001
-0.000001
-0.000001
-0.000001
-0.000001
-0.000001
-0.000001
-0.000001
-0.000001
-0.000001
-0.000001
-0.000001
-0.000001
-0.000001
-0.000001
-0.000001
-0.000001
-0.000001
-0.000001
-0.000001
-0.000001
-0.000001
-0.000001
-0.000001
-0.000001
-0.000001
-0.000001
0.000002
0.000039
0.000366
0.002322
0.009329
0.022650
0.034352
0.038037
0.000000
0.000000
0.038043
0.034347
0.022645
0.009330
0.002324
0.000367
0.000039
0.000002
-0.000001
-0.000001
-0.000001
-0.000001
-0.000001
-0.000001
-0.000001
-0.000001
-0.000001
-0.000001
-0.000001
-0.000001
-0.000001
-0.000001
-0.000001
-0.000001
-0.000001
-0.000001
-0.000001
-0.000001
-0.000001
-0.000001
-0.000001
-0.000001
-0.000001
-0.000001
-0.000001
-0.000001
-0.000001
-0.000001
-0.000001
-0.000001
-0.000001
-0.000001
-0.000001
-0.000001
-0.000001
-0.000001
-0.000001
-0.000001
-0.000001
-0.000001
-0.000001
-0.000001
-0.000001
-0.000001
-0.000001
-0.000001
-0.000001
-0.000001
0.000002
0.000039
0.000367
0.002324
0.009330
0.022645
0.034347
0.038043
0.000000
0.000000
0.038048
0.034342
0.022640
0.009331
0.002326
0.000368
0.000039
0.000002
-0.000001
-0.000001
-0.000001
-0.000001
-0.000001
-0.000001
-0.000001
-0.000001
-0.000001
-0.000001
-0.000001
-0.000001
-0.000001
-0.000001
-0.000001
-0.000001
-0.000001
-0.000001
-0.000001
-0.000001
-0.000001
-0.000001
-0.000001
-0.000001
-0.000001
-0.000001
-0.000001
-0.000001
-0.000001
-0.000001
-0.000001
-0.000001
-0.000001
-0.000001
-0.000001
-0.000001
-0.000001
-0.000001
-0.000001
-0.000001
-0.000001
-0.000001
-0.000001
-0.000001
-0.000001
-0.000001
-0.000001
-0.000001
-0.000001
-0.000001
-0.000001
0.000002
0.000039
0.000368
0.002326
0.009331
0.022640
0.034342
0.038048
0.000000
0.000000
0.038054
0.034338
0.022635
0.009332
0.002327
0.000368
0.000039
0.000002
-0.000001
-0.000001
-0.000001
-0.000001
-0.000001
-0.000001
-0.000001
-0.000001
-0.000001
-0.000001
-0.000001
-0.000001
-0.000001
-0.000001
-0.000001
-0.000001
-0.000001
-0.000001
-0.000001
-0.000001
-0.000001
-0.000001
-0.000001
-0.000001
-0.000001
-0.000001
-0.000001
-0.000001
-0.000001
-0.000001
-0.000001
-0.000001
-0.000001
-0.000001
-0.000001
-0.000001
-0.000001
-0.000001
-0.000001
-0.000001
-0.000001
-0.000001
-0.000001
-0.000001
-0.000001
-0.000001
-0.000001
-0.000001
-0.000001
-0.000001
-0.000001
-0.000001
0.000002
0.000039
0.000368
0.002327
0.009332
0.022635
0.034338
0.038054
0.000000
0.000000
0.038060
0.034333
0.022631
0.009333
0.002329
0.000369
0.000039
0.000002
-0.000001
-0.000001
-0.000001
-0.000001
-0.000001
-0.000001
-0.000001
-0.000001
-0.000001
-0.000001
-0.000001
-0.000001
-0.000001
-0.000001
-0.000001
-0.000001
-0.000001
-0.000001
-0.000001
-0.000001
-0.000001
-0.000001
-0.000001
-0.000001
-0.000001
-0.000001
-0.000001
-0.000001
-0.000001
-0.000001
-0.000001
-0.000001
-0.000001
-0.000001
-0.000001
-0.000001
-0.000001
-0.000001
-0.000001
-0.000001
-0.000001
-0.000001
-0.000001
-0.000001
-0.000001
-0.000001
-0.000001
-0.000001
-0.000001
-0.000001
-0.000001
-0.000001
-0.000001
0.000002
0.000039
0.000369
0.002329
0.009333
0.022631
0.034333
0.038060
0.000000
0.000000
0.038066
0.034329
0.022626
0.009334
0.002331
0.000370
0.000039
0.000002
-0.000001
-0.000001
-0.000001
-0.000001
-0.000001
-0.000001
-0.000001
-0.000001
-0.000001
-0.000001
-0.000001
-0.000001
-0.000001
-0.000001
-0.000001
-0.000001
-0.000001
-0.000001
-0.000001
-0.000001
-0.000001
-0.000001
-0.000001
-0.000001
-0.000001
-0.000001
-0.000001
-0.000001
-0.000001
-0.000001
-0.000001
-0.000001
-0.000001
-0.000001
-0.000001
-0.000001
-0.000001
-0.000001
-0.000001
-0.000001
-0.000001
-0.000001
-0.000001
-0.000001
-0.000001
-0.000001
-0.000001
-0.000001
-0.000001
-0.000001
-0.000001
-0.000001
-0.000001
-0.000001
0.000002
0.000039
0.000370
0.002331
0.009334
0.022626
0.034329
0.038066
0.000000
0.000000
0.038072
0.034325
0.022621
0.009335
0.002333
0.000370
0.000039
0.000002
-0.000001
-0.000001
-0.000001
-0.000001
-0.000001
-0.000001
-0.000001
-0.000001
-0.000001
-0.000001
-0.000001
-0.000001
-0.000001
-0.000001
-0.000001
-0.000001
-0.000001
-0.000001
-0.000001
-0.000001
-0.000001
-0.000001
-0.000001
-0.000001
-0.000001
-0.000001
-0.000001
-0.000001
-0.000001
-0.000001
-0.000001
-0.000001
-0.000001
-0.000001
-0.000001
-0.000001
-0.000001
-0.000001
-0.000001
-0.000001
-0.000001
-0.000001
-0.000001
-0.000001
-0.000001
-0.000001
-0.000001
-0.000001
-0.000001
-0.000001
-0.000001
-0.000001
-0.000001
-0.000001
-0.000001
0.000002
0.000039
0.000370
0.002333
0.009335
0.022621
0.034325
0.038072
0.000000
0.000000
0.038077
0.034321
0.022617
0.009336
0.002335
0.000371
0.000039
0.000002
-0.000001
-0.000001
-0.000001
-0.000001
-0.000001
-0.000001
-0.000001
-0.000001
-0.000001
-0.000001
-0.000001
-0.000001
-0.000001
-0.000001
-0.000001
-0.000001
-0.000001
-0.000001
-0.000001
-0.000001
-0.000001
-0.000001
-0.000001
-0.000001
-0.000001
-0.000001
-0.000001
-0.000001
-0.000001
-0.000001
-0.000001
-0.000001
-0.000001
-0.000001
-0.000001
-0.000001
-0.000001
-0.000001
-0.000001
-0.000001
-0.000001
-0.000001
-0.000001
-0.000001
-0.000001
-0.000001
-0.000001
-0.000001
-0.000001
-0.000001
-0.000001
-0.000001
-0.000001
-0.000001
-0.000001
-0.000001
0.000002
0.000039
0.000371
0.002335
0.009336
0.022617
0.034321
0.038077
0.000000
0.000000
0.038083
0.034317
0.022613
0.009337
0.002336
0.000371
0.000040
0.000002
-0.000001
-0.000001
-0.000001
-0.000001
-0.000001
-0.000001
-0.000001
-0.000001
-0.000001
-0.000001
-0.000001
-0.000001
-0.000001
-0.000001
-0.000001
-0.000001
-0.000001
-0.000001
-0.000001
-0.000001
-0.000001
-0.000001
-0.000001
-0.000001
-0.000001
-0.000001
-0.000001
-0.000001
-0.000001
-0.000001
-0.000001
-0.000001
-0.000001
-0.000001
-0.000001
-0.000001
-0.000001
-0.000001
-0.000001
-0.000001
-0.000001
-0.000001
-0.000001
-0.000001
-0.000001
-0.000001
-0.000001
-0.000001
-0.000001
-0.000001
-0.000001
-0.000001
-0.000001
-0.000001
-0.000001
-0.000001
-0.000001
0.000002
0.000040
0.000371
0.002336
0.009337
0.022613
0.034317
0.038083
0.000000
0.000000
0.038087
0.034314
0.022609
0.009339
0.002338
0.000372
0.000040
0.000002
-0.000001
-0.000001
-0.000001
-0.000001
-0.000001
-0.000001
-0.000001
-0.000001
-0.000001
-0.000001
-0.000001
-0.000001
-0.000001
-0.000001
-0.000001
-0.000001
-0.000001
-0.000001
-0.000001
-0.000001
-0.000001
-0.000001
-0.000001
-0.000001
-0.000001
-0.000001
-0.000001
-0.000001
-0.000001
-0.000001
-0.000001
-0.000001
-0.000001
-0.000001
-0.000001
-0.000001
-0.000001
-0.000001
-0.000001
-0.000001
-0.000001
-0.000001
-0.000001
-0.000001
-0.000001
-0.000001
-0.000001
-0.000001
-0.000001
-0.000001
-0.000001
-0.000001
-0.000001
-0.000001
-0.000001
-0.000001
-0.000001
-0.000001
0.000002
0.000040
0.000372
0.002338
0.009339
0.022609
0.034314
0.038087
0.000000
0.000000
0.038091
0.034310
0.022606
0.009340
0.002340
0.000373
0.000040
0.000002
-0.000001
-0.000001
-0.000001
-0.000001
-0.000001
-0.000001
-0.000001
-0.000001
-0.000001
-0.000001
-0.000001
-0.000001
-0.000001
-0.000001
-0.000001
-0.000001
-0.000001
-0.000001
-0.000001
-0.000001
-0.000001
-0.000001
-0.000001
-0.000001
-0.000001
-0.000001
-0.000001
-0.000001
-0.000001
-0.000001
-0.000001
-0.000001
-0.000001
-0.000001
-0.000001
-0.000001
-0.000001
-0.000001
-0.000001
-0.000001
-0.000001
-0.000001
-0.000001
-0.000001
-0.000001
-0.000001
-0.000001
-0.000001
-0.000001
-0.000001
-0.000001
-0.000001
-0.000001
-0.000001
-0.000001
-0.000001
-0.000001
-0.000001
-0.000001
0.000002
0.000040
0.000373
0.002340
0.009340
0.022606
0.034310
0.038091
0.000000
0.000000
0.038096
0.034307
0.022603
0.009341
0.002341
0.000373
0.000040
0.000002
-0.000001
-0.000001
-0.000001
-0.000001
-0.000001
-0.000001
-0.000001
-0.000001
-0.000001
-0.000001
-0.000001
-0.000001
-0.000001
-0.000001
-0.000001
-0.000001
-0.000001
-0.000001
-0.000001
-0.000001
-0.000001
-0.000001
-0.000001
-0.000001
-0.000001
-0.000001
-0.000001
-0.000001
-0.000001
-0.000001
-0.000001
-0.000001
-0.000001
-0.000001
-0.000001
-0.000001
-0.000001
-0.000001
-0.000001
-0.000001
-0.000001
-0.000001
-0.000001
-0.000001
-0.000001
-0.000001
-0.000001
-0.000001
-0.000001
-0.000001
-0.000001
-0.000001
-0.000001
-0.000001
-0.000001
-0.000001
-0.000001
-0.000001
-0.000001
-0.000001
0.000002
0.000040
0.000373
0.002341
0.009341
0.022603
0.034307
0.038096
0.000000
0.000000
0.038099
0.034303
0.022600
0.009342
0.002342
0.000374
0.000040
0.000002
-0.000001
-0.000001
-0.000001
-0.000001
-0.000001
-0.000001
-0.000001
-0.000001
-0.000001
-0.000001
-0.000001
-0.000001
-0.000001
-0.000001
-0.000001
-0.000001
-0.000001
-0.000001
-0.000001
-0.000001
-0.000001
-0.000001
-0.000001
-0.000001
-0.000001
-0.000001
-0.000001
-0.000001
-0.000001
-0.000001
-0.000001
-0.000001
-0.000001
-0.000001
-0.000001
-0.000001
-0.000001
-0.000001
-0.000001
-0.000001
-0.000001
-0.000001
-0.000001
-0.000001
-0.000001
-0.000001
-0.000001
-0.000001
-0.000001
-0.000001
-0.000001
-0.000001
-0.000001
-0.000001
-0.000001
-0.000001
-0.000001
-0.000001
-0.000001
-0.000001
-0.000001
0.000002
0.000040
0.000374
0.002342
0.009342
0.022600
0.034303
0.038099
0.000000
0.000000
0.038101
0.034299
0.022599
0.009343
0.002344
0.000374
0.000040
0.000002
-0.000001
-0.000001
-0.000001
-0.000001
-0.000001
-0.000001
-0.000001
-0.000001
-0.000001
-0.000001
-0.000001
-0.000001
-0.000001
-0.000001
-0.000001
-0.000001
-0.000001
-0.000001
-0.000001
-0.000001
-0.000001
-0.000001
-0.000001
-0.000001
-0.000001
-0.000001
-0.000001
-0.000001
-0.000001
-0.000001
-0.000001
-0.000001
-0.000001
-0.000001
-0.000001
-0.000001
-0.000001
-0.000001
-0.000001
-0.000001
-0.000001
-0.000001
-0.000001
-0.000001
-0.000001
-0.000001
-0.000001
-0.000001
-0.000001
-0.000001
-0.000001
-0.000001
-0.000001
-0.000001
-0.000001
-0.000001
-0.000001
-0.000001
-0.000001
-0.000001
-0.000001
-0.000001
0.000002
0.000040
0.000374
0.002344
0.009343
0.022599
0.034299
0.038101
0.000000
0.000000
0.038100
0.034296
0.022599
0.009344
0.002344
0.000374
0.000040
0.000002
-0.000001
-0.000001
-0.000001
-0.000001
-0.000001
-0.000001
-0.000001
-0.000001
-0.000001
-0.000001
-0.000001
-0.000001
-0.000001
-0.000001
-0.000001
-0.000001
-0.000001
-0.000001
-0.000001
-0.000001
-0.000001
-0.000001
-0.000001
-0.000001
-0.000001
-0.000001
-0.000001
-0.000001
-0.000001
-0.000001
-0.000001
-0.000001
-0.000001
-0.000001
-0.000001
-0.000001
-0.000001
-0.000001
-0.000001
-0.000001
-0.000001
-0.000001
-0.000001
-0.000001
-0.000001
-0.000001
-0.000001
-0.000001
-0.000001
-0.000001
-0.000001
-0.000001
-0.000001
-0.000001
-0.000001
-0.000001
-0.000001
-0.000001
-0.000001
-0.000001
-0.000001
-0.000001
-0.000001
0.000002
0.000040
0.000374
0.002344
0.009344
0.022599
0.034296
0.038100
0.000000
0.000000
0.038097
0.034298
0.022601
0.009344
0.002344
0.000374
0.000040
0.000002
-0.000001
-0.000001
-0.000001
-0.000001
-0.000001
-0.000001
-0.000001
-0.000001
-0.000001
-0.000001
-0.000001
-0.000001
-0.000001
-0.000001
-0.000001
-0.000001
-0.000001
-0.000001
-0.000001
-0.000001
-0.000001
-0.000001
-0.000001
-0.000001
-0.000001
-0.000001
-0.000001
-0.000001
-0.000001
-0.000001
-0.000001
-0.000001
-0.000001
-0.000001
-0.000001
-0.000001
-0.000001
-0.000001
-0.000001
-0.000001
-0.000001
-0.000001
-0.000001
-0.000001
-0.000001
-0.000001
-0.000001
-0.000001
-0.000001
-0.000001
-0.000001
-0.000001
-0.000001
-0.000001
-0.000001
-0.000001
-0.000001
-0.000001
-0.000001
-0.000001
-0.000001
-0.000001
-0.000001
-0.000001
0.000002
0.000040
0.000374
0.002344
0.009344
0.022601
0.034298
0.038097
0.000000
0.000000
0.038099
0.034315
0.022607
0.009342
0.002342
0.000374
0.000040
0.000002
-0.000001
-0.000001
-0.000001
-0.000001
-0.000001
-0.000001
-0.000001
-0.000001
-0.000001
-0.000001
-0.000001
-0.000001
-0.000001
-0.000001
-0.000001
-0.000001
-0.000001
-0.000001
-0.000001
-0.000001
-0.000001
-0.000001
-0.000001
-0.000001
-0.000001
-0.000001
-0.000001
-0.000001
-0.000001
-0.000001
-0.000001
-0.000001
-0.000001
-0.000001
-0.000001
-0.000001
-0.000001
-0.000001
-0.000001
-0.000001
-0.000001
-0.000001
-0.000001
-0.000001
-0.000001
-0.000001
-0.000001
-0.000001
-0.000001
-0.000001
-0.000001
-0.000001
-0.000001
-0.000001
-0.000001
-0.000001
-0.000001
-0.000001
-0.000001
-0.000001
-0.000001
-0.000001
-0.000001
-0.000001
-0.000001
0.000002
0.000040
0.000374
0.002342
0.009342
0.022607
0.034315
0.038099
0.000000
0.000000
0.038119
0.034354
0.022617
0.009337
0.002339
0.000373
0.000040
0.000002
-0.000001
-0.000001
-0.000001
-0.000001
-0.000001
-0.000001
-0.000001
-0.000001
-0.000001
-0.000001
-0.000001
-0.000001
-0.000001
-0.000001
-0.000001
-0.000001
-0.000001
-0.000001
-0.000001
-0.000001
-0.000001
-0.000001
-0.000001
-0.000001
-0.000001
-0.000001
-0.000001
-0.000001
-0.000001
-0.000001
-0.000001
-0.000001
-0.000001
-0.000001
-0.000001
-0.000001
-0.000001
-0.000001
-0.000001
-0.000001
-0.000001
-0.000001
-0.000001
-0.000001
-0.000001
-0.000001
-0.000001
-0.000001
-0.000001
-0.000001
-0.000001
-0.000001
-0.000001
-0.000001
-0.000001
-0.000001
-0.000001
-0.000001
-0.000001
-0.000001
-0.000001
-0.000001
-0.000001
-0.000001
-0.000001
-0.000001
0.000002
0.000040
0.000373
0.002339
0.009337
0.022617
0.034354
0.038119
0.000000
0.000000
0.038146
0.034411
0.022632
0.009328
0.002333
0.000372
0.000040
0.000002
-0.000001
-0.000001
-0.000001
-0.000001
-0.000001
-0.000001
-0.000001
-0.000001
-0.000001
-0.000001
-0.000001
-0.000001
-0.000001
-0.000001
-0.000001
-0.000001
-0.000001
-0.000001
-0.000001
-0.000001
-0.000001
-0.000001
-0.000001
-0.000001
-0.000001
-0.000001
-0.000001
-0.000001
-0.000001
-0.000001
-0.000001
-0.000001
-0.000001
-0.000001
-0.000001
-0.000001
-0.000001
-0.000001
-0.000001
-0.000001
-0.000001
-0.000001
-0.000001
-0.000001
-0.000001
-0.000001
-0.000001
-0.000001
-0.000001
-0.000001
-0.000001
-0.000001
-0.000001
-0.000001
-0.000001
-0.000001
-0.000001
-0.000001
-0.000001
-0.000001
-0.000001
-0.000001
-0.000001
-0.000001
-0.000001
-0.000001
-0.000001
0.000002
0.000040
0.000372
0.002333
0.009328
0.022632
0.034411
0.038146
0.000000
0.000000
0.038134
0.034483
0.022653
0.009314
0.002324
0.000370
0.000040
0.000002
-0.000001
-0.000001
-0.000001
-0.000001
-0.000001
-0.000001
-0.000001
-0.000001
-0.000001
-0.000001
-0.000001
-0.000001
-0.000001
-0.000001
-0.000001
-0.000001
-0.000001
-0.000001
-0.000001
-0.000001
-0.000001
-0.000001
-0.000001
-0.000001
-0.000001
-0.000001
-0.000001
-0.000001
-0.000001
-0.000001
-0.000001
-0.000001
-0.000001
-0.000001
-0.000001
-0.000001
-0.000001
-0.000001
-0.000001
-0.000001
-0.000001
-0.000001
-0.000001
-0.000001
-0.000001
-0.000001
-0.000001
-0.000001
-0.000001
-0.000001
-0.000001
-0.000001
-0.000001
-0.000001
-0.000001
-0.000001
-0.000001
-0.000001
-0.000001
-0.000001
-0.000001
-0.000001
-0.000001
-0.000001
-0.000001
-0.000001
-0.000001
-0.000001
0.000002
0.000040
0.000370
0.002324
0.009314
0.022653
0.034483
0.038134
0.000000
0.000000
0.038046
0.034589
0.022690
0.009296
0.002311
0.000367
0.000039
0.000002
-0.000001
-0.000001
-0.000001
-0.000001
-0.000001
-0.000001
-0.000001
-0.000001
-0.000001
-0.000001
-0.000001
-0.000001
-0.000001
-0.000001
-0.000001
-0.000001
-0.000001
-0.000001
-0.000001
-0.000001
-0.000001
-0.000001
-0.000001
-0.000001
-0.000001
-0.000001
-0.000001
-0.000001
-0.000001
-0.000001
-0.000001
-0.000001
-0.000001
-0.000001
-0.000001
-0.000001
-0.000001
-0.000001
-0.000001
-0.000001
-0.000001
-0.000001
-0.000001
-0.000001
-0.000001
-0.000001
-0.000001
-0.000001
-0.000001
-0.000001
-0.000001
-0.000001
-0.000001
-0.000001
-0.000001
-0.000001
-0.000001
-0.000001
-0.000001
-0.000001
-0.000001
-0.000001
-0.000001
-0.000001
-0.000001
-0.000001
-0.000001
-0.000001
-0.000001
0.000002
0.000039
0.000367
0.002311
0.009296
0.022690
0.034589
0.038046
0.000000
0.000000
0.037856
0.034749
0.022752
0.009273
0.002295
0.000363
0.000039
0.000002
-0.000001
-0.000001
-0.000001
-0.000001
-0.000001
-0.000001
-0.000001
-0.000001
-0.000001
-0.000001
-0.000001
-0.000001
-0.000001
-0.000001
-0.000001
-0.000001
-0.000001
-0.000001
-0.000001
-0.000001
-0.000001
-0.000001
-0.000001
-0.000001
-0.000001
-0.000001
-0.000001
-0.000001
-0.000001
-0.000001
-0.000001
-0.000001
-0.000001
-0.000001
-0.000001
-0.000001
-0.000001
-0.000001
-0.000001
-0.000001
-0.000001
-0.000001
-0.000001
-0.000001
-0.000001
-0.000001
-0.000001
-0.000001
-0.000001
-0.000001
-0.000001
-0.000001
-0.000001
-0.000001
-0.000001
-0.000001
-0.000001
-0.000001
-0.000001
-0.000001
-0.000001
-0.000001
-0.000001
-0.000001
-0.000001
-0.000001
-0.000001
-0.000001
-0.000001
-0.000001
0.000002
0.000039
0.000363
0.002295
0.009273
0.022752
0.034749
0.037856
0.000000
0.000000
0.037519
0.034894
0.022847
0.009251
0.002275
0.000359
0.000038
0.000002
-0.000001
-0.000001
-0.000001
-0.000001
-0.000001
-0.000001
-0.000001
-0.000001
-0.000001
-0.000001
-0.000001
-0.000001
-0.000001
-0.000001
-0.000001
-0.000001
-0.000001
-0.000001
-0.000001
-0.000001
-0.000001
-0.000001
-0.000001
-0.000001
-0.000001
-0.000001
-0.000001
-0.000001
-0.000001
-0.000001
-0.000001
-0.000001
-0.000001
-0.000001
-0.000001
-0.000001
-0.000001
-0.000001
-0.000001
-0.000001
-0.000001
-0.000001
-0.000001
-0.000001
-0.000001
-0.000001
-0.000001
-0.000001
-0.000001
-0.000001
-0.000001
-0.000001
-0.000001
-0.000001
-0.000001
-0.000001
-0.000001
-0.000001
-0.000001
-0.000001
-0.000001
-0.000001
-0.000001
-0.000001
-0.000001
-0.000001
-0.000001
-0.000001
-0.000001
-0.000001
-0.000001
0.000002
0.000038
0.000359
0.002275
0.009251
0.022847
0.034894
0.037519
0.000000
0.000000
0.037262
0.034763
0.022991
0.009248
0.002259
0.000357
0.000040
0.000005
0.000002
0.000002
0.000002
0.000002
0.000002
0.000002
0.000002
0.000002
0.000002
0.000002
0.000002
0.000002
0.000002
0.000002
0.000002
0.000002
0.000002
0.000002
0.000002
0.000002
0.000002
0.000002
0.000002
0.000002
0.000002
0.000002
0.000002
0.000002
0.000002
0.000002
0.000002
0.000002
0.000002
0.000002
0.000002
0.000002
0.000002
0.000002
0.000002
0.000002
0.000002
0.000002
0.000002
0.000002
0.000002
0.000002
0.000002
0.000002
0.000002
0.000002
0.000002
0.000002
0.000002
0.000002
0.000002
0.000002
0.000002
0.000002
0.000002
0.000002
0.000002
0.000002
0.000002
0.000002
0.000002
0.000002
0.000002
0.000002
0.000002
0.000002
0.000002
0.000002
0.000005
0.000040
0.000357
0.002259
0.009248
0.022991
0.034763
0.037262
0.000000
0.000000
0.037311
0.033848
0.023240
0.009330
0.002284
0.000388
0.000075
0.000040
0.000038
0.000039
0.000039
0.000040
0.000040
0.000040
0.000040
0.000040
0.000040
0.000040
0.000040
0.000040
0.000040
0.000040
0.000040
0.000039
0.000039
0.000039
0.000039
0.000039
0.000039
0.000039
0.000039
0.000038
0.000038
0.000038
0.000038
0.000038
0.000038
0.000038
0.000038
0.000038
0.000038
0.000038
0.000038
0.000038
0.000038
0.000038
0.000038
0.000038
0.000038
0.000038
0.000038
0.000038
0.000038
0.000038
0.000038
0.000038
0.000038
0.000038
0.000039
0.000039
0.000039
0.000039
0.000039
0.000039
0.000039
0.000039
0.000040
0.000040
0.000040
0.000040
0.000040
0.000040
0.000040
0.000040
0.000040
0.000040
0.000040
0.000040
0.000039
0.000039
0.000038
0.000040
0.000075
0.000388
0.002284
0.009330
0.023240
0.033848
0.037311
0.000000
0.000000
0.037541
0.033049
0.023714
0.009820
0.002628
0.000703
0.000388
0.000357
0.000359
0.000363
0.000367
0.000370
0.000372
0.000373
0.000374
0.000374
0.000374
0.000374
0.000374
0.000373
0.000373
0.000372
0.000371
0.000371
0.000370
0.000370
0.000369
0.000368
0.000368
0.000367
0.000366
0.000366
0.000365
0.000364
0.000364
0.000363
0.000363
0.000362
0.000362
0.000361
0.000361
0.000361
0.000361
0.000360
0.000360
0.000360
0.000360
0.000361
0.000361
0.000361
0.000361
0.000362
0.000362
0.000363
0.000363
0.000364
0.000364
0.000365
0.000366
0.000366
0.000367
0.000368
0.000368
0.000369
0.000370
0.000370
0.000371
0.000371
0.000372
0.000373
0.000373
0.000374
0.000374
0.000374
0.000374
0.000374
0.000373
0.000372
0.000370
0.000367
0.000363
0.000359
0.000357
0.000388
0.000703
0.002628
0.009820
0.023714
0.033049
0.037541
0.000000
0.000000
0.037685
0.033950
0.024201
0.011965
0.004695
0.002628
0.002284
0.002259
0.002275
0.002295
0.002311
0.002324
0.002333
0.002339
0.002342
0.002344
0.002344
0.002344
0.002342
0.002341
0.002340
0.002338
0.002336
0.002335
0.002333
0.002331
0.002329
0.002327
0.002326
0.002324
0.002322
0.002320
0.002318
0.002316
0.002314
0.002312
0.002311
0.002309
0.002308
0.002307
0.002305
0.002305
0.002304
0.002303
0.002303
0.002303
0.002303
0.002303
0.002304
0.002305
0.002305
0.002307
0.002308
0.002309
0.002311
0.002312
0.002314
0.002316
0.002318
0.002320
0.002322
0.002324
0.002326
0.002327
0.002329
0.002331
0.002333
0.002335
0.002336
0.002338
0.002340
0.002341
0.002342
0.002344
0.002344
0.002344
0.002342
0.002339
0.002333
0.002324
0.002311
0.002295
0.002275
0.002259
0.002284
0.002628
0.004695
0.011965
0.024201
0.033950
0.037685
0.000000
0.000000
0.037250
0.042183
0.028337
0.017425
0.011965
0.009820
0.009330
0.009248
0.009251
0.009273
0.009296
0.009314
0.009328
0.009337
0.009342
0.009344
0.009344
0.009343
0.009342
0.009341
0.009340
0.009339
0.009337
0.009336
0.009335
0.009334
0.009333
0.009332
0.009331
0.009330
0.009329
0.009328
0.009326
0.009325
0.009324
0.009322
0.009321
0.009320
0.009319
0.009318
0.009317
0.009316
0.009316
0.009315
0.009315
0.009315
0.009315
0.009315
0.009315
0.009316
0.009316
0.009317
0.009318
0.009319
0.009320
0.009321
0.009322
0.009324
0.009325
0.009326
0.009328
0.009329
0.009330
0.009331
0.009332
0.009333
0.009334
0.009335
0.009336
0.009337
0.009339
0.009340
0.009341
0.009342
0.009343
0.009344
0.009344
0.009342
0.009337
0.009328
0.009314
0.009296
0.009273
0.009251
0.009248
0.009330
0.009820
0.011965
0.017425
0.028337
0.042183
0.037250
0.000000
0.000000
0.051005
0.056770
0.033181
0.028337
0.024201
0.023714
0.023240
0.022991
0.022847
0.022752
0.022690
0.022653
0.022632
0.022617
0.022607
0.022601
0.022599
0.022599
0.022600
0.022603
0.022606
0.022609
0.022613
0.022617
0.022621
0.022626
0.022631
0.022635
0.022640
0.022645
0.022650
0.022655
0.022660
0.022664
0.022669
0.022674
0.022678
0.022682
0.022686
0.022690
0.022693
0.022696
0.022698
0.022700
0.022702
0.022702
0.022703
0.022702
0.022702
0.022700
0.022698
0.022696
0.022693
0.022690
0.022686
0.022682
0.022678
0.022674
0.022669
0.022664
0.022660
0.022655
0.022650
0.022645
0.022640
0.022635
0.022631
0.022626
0.022621
0.022617
0.022613
0.022609
0.022606
0.022603
0.022600
0.022599
0.022599
0.022601
0.022607
0.022617
0.022632
0.022653
0.022690
0.022752
0.022847
0.022991
0.023240
0.023714
0.024201
0.028337
0.033181
0.056770
0.051005
0.000000
0.000000
0.086026
0.069643
0.056770
0.042183
0.033950
0.033049
0.033848
0.034763
0.034894
0.034749
0.034589
0.034483
0.034411
0.034354
0.034315
0.034298
0.034296
0.034299
0.034303
0.034307
0.034310
0.034314
0.034317
0.034321
0.034325
0.034329
0.034333
0.034338
0.034342
0.034347
0.034352
0.034358
0.034364
0.034370
0.034376
0.034382
0.034388
0.034394
0.034400
0.034405
0.034409
0.034413
0.034416
0.034419
0.034421
0.034422
0.034422
0.034422
0.034422
0.034421
0.034419
0.034416
0.034413
0.034409
0.034405
0.034400
0.034394
0.034388
0.034382
0.034376
0.034370
0.034364
0.034358
0.034352
0.034347
0.034342
0.034338
0.034333
0.034329
0.034325
0.034321
0.034317
0.034314
0.034310
0.034307
0.034303
0.034299
0.034296
0.034298
0.034315
0.034354
0.034411
0.034483
0.034589
0.034749
0.034894
0.034763
0.033848
0.033049
0.033950
0.042183
0.056770
0.069643
0.086026
0.000000
0.000000
0.125049
0.086026
0.051005
0.037250
0.037685
0.037541
0.037311
0.037262
0.037519
0.037856
0.038046
0.038134
0.038146
0.038119
0.038099
0.038097
0.038100
0.038101
0.038099
0.038096
0.038091
0.038087
0.038083
0.038077
0.038072
0.038066
0.038060
0.038054
0.038048
0.038043
0.038037
0.038032
0.038027
0.038022
0.038018
0.038013
0.038009
0.038005
0.038001
0.037997
0.037994
0.037990
0.037987
0.037985
0.037983
0.037981
0.037980
0.037980
0.037980
0.037981
0.037983
0.037985
0.037987
0.037990
0.037994
0.037997
0.038001
0.038005
0.038009
0.038013
0.038018
0.038022
0.038027
0.038032
0.038037
0.038043
0.038048
0.038054
0.038060
0.038066
0.038072
0.038077
0.038083
0.038087
0.038091
0.038096
0.038099
0.038101
0.038100
0.038097
0.038099
0.038119
0.038146
0.038134
0.038046
0.037856
0.037519
0.037262
0.037311
0.037541
0.037685
0.037250
0.051005
0.086026
0.125049
0.000000
0.000000
0.000000
0.000000
0.000000
0.000000
0.000000
0.000000
0.000000
0.000000
0.000000
0.000000
0.000000
0.000000
0.000000
0.000000
0.000000
0.000000
0.000000
0.000000
0.000000
0.000000
0.000000
0.000000
0.000000
0.000000
0.000000
0.000000
0.000000
0.000000
0.000000
0.000000
0.000000
0.000000
0.000000
0.000000
0.000000
0.000000
0.000000
0.000000
0.000000
0.000000
0.000000
0.000000
0.000000
0.000000
0.000000
0.000000
0.000000
0.000000
0.000000
0.000000
0.000000
0.000000
0.000000
0.000000
0.000000
0.000000
0.000000
0.000000
0.000000
0.000000
0.000000
0.000000
0.000000
0.000000
0.000000
0.000000
0.000000
0.000000
0.000000
0.000000
0.000000
0.000000
0.000000
0.000000
0.000000
0.000000
0.000000
0.000000
0.000000
0.000000
0.000000
0.000000
0.000000
0.000000
0.000000
0.000000
0.000000
0.000000
0.000000
0.000000
0.000000
0.000000
0.000000
0.000000
0.000000
0.000000
0.000000
