0.004978
0.104474
0.118269
0.030593
0.089812
0.090036
0.042332
0.091042
0.066151
0.062971
0.047389
0.090638
0.073387
0.048629
0.051299
0.050406
0.090977
0.079039
0.057977
0.037753
0.043580
0.052660
0.091456
0.082547
0.066858
0.046287
0.030888
0.038046
0.054452
0.091925
0.084864
0.072975
0.056156
0.037774
0.026291
0.034000
0.055927
0.092339
0.086525
0.077213
0.063673
0.047385
0.031630
0.022981
0.031060
0.057227
0.092803
0.087841
0.080226
0.069304
0.055368
0.040488
0.027221
0.020563
0.028697
0.058418
0.093222
0.088887
0.082464
0.073499
0.061760
0.048300
0.035134
0.023914
0.018678
0.026996
0.059536
0.093695
0.089754
0.084200
0.076681
0.066775
0.054935
0.042483
0.030982
0.021407
0.017281
0.025636
0.060627
0.094226
0.090582
0.085676
0.079096
0.070663
0.060381
0.049025
0.037824
0.027864
0.019453
0.016148
0.024574
0.061723
0.094787
0.091363
0.086874
0.081039
0.073703
0.064755
0.054598
0.044067
0.034110
0.025375
0.017949
0.015230
0.023807
0.062820
0.095400
0.092116
0.087937
0.082649
0.076131
0.068254
0.059221
0.049558
0.039983
0.031139
0.023404
0.016749
0.014497
0.023263
0.063932
0.096085
0.092862
0.088909
0.084076
0.078099
0.071064
0.063006
0.054242
0.045278
0.036657
0.028788
0.021773
0.015787
0.013937
0.022870
0.065062
0.096815
0.093633
0.089806
0.085254
0.079772
0.073379
0.066107
0.058166
0.049895
0.041692
0.033917
0.026828
0.020509
0.015043
0.013477
0.022614
0.066209
0.097608
0.094425
0.090693
0.086334
0.081226
0.075324
0.068672
0.061436
0.053841
0.046171
0.038705
0.031669
0.025246
0.019494
0.014438
0.013120
0.022452
0.067389
0.098461
0.095257
0.091566
0.087348
0.082540
0.076979
0.070820
0.064167
0.057181
0.050060
0.043014
0.036225
0.029836
0.023930
0.018669
0.013963
0.012832
0.022392
0.067960
0.099362
0.096116
0.092437
0.088300
0.083667
0.078427
0.072656
0.066477
0.060010
0.053398
0.046793
0.040335
0.034138
0.028285
0.022888
0.018009
0.013582
0.012605
0.022415
0.069735
0.097909
0.097011
0.093317
0.089224
0.084710
0.079705
0.074258
0.068463
0.062428
0.056264
0.050081
0.043983
0.038060
0.032381
0.027021
0.022041
0.017479
0.013285
0.012438
0.022476
0.071274
0.096552
0.095801
0.094216
0.090141
0.085702
0.080868
0.075676
0.070199
0.064523
0.058741
0.052938
0.047194
0.041574
0.036133
0.030923
0.025985
0.021352
0.017051
0.013054
0.012314
0.022562
0.072550
0.095213
0.094415
0.093201
0.091060
0.086668
0.081956
0.076960
0.071740
0.066362
0.060903
0.055433
0.050014
0.044694
0.039514
0.034509
0.029708
0.025130
0.020787
0.016716
0.012880
0.012217
0.022667
0.073610
0.093902
0.093018
0.091756
0.090182
0.087610
0.082993
0.078153
0.073136
0.068002
0.062812
0.057627
0.052496
0.047457
0.042537
0.037758
0.033138
0.028687
0.024418
0.020331
0.016450
0.012734
0.012141
0.022815
0.074485
0.092644
0.091643
0.090280
0.088662
0.086845
0.084007
0.079288
0.074430
0.069489
0.064520
0.059574
0.054694
0.049907
0.045232
0.040681
0.036260
0.031973
0.027825
0.023821
0.019959
0.016224
0.012630
0.012088
0.022995
0.075214
0.091437
0.090310
0.088836
0.087122
0.085280
0.083396
0.080394
0.075654
0.070862
0.066069
0.061320
0.056652
0.052086
0.047636
0.043304
0.039088
0.034985
0.030989
0.027101
0.023321
0.019655
0.016051
0.012536
0.012035
0.023235
0.075806
0.090386
0.089060
0.087444
0.085646
0.083770
0.081841
0.079897
0.076828
0.072148
0.067492
0.062903
0.058411
0.054035
0.049784
0.045655
0.041640
0.037729
0.033909
0.030172
0.026513
0.022928
0.019393
0.015918
0.012502
0.012062
0.023377
0.076284
0.089440
0.087983
0.086213
0.084282
0.082285
0.080280
0.078307
0.076398
0.073367
0.068816
0.064352
0.060004
0.055788
0.051709
0.047763
0.043937
0.040216
0.036581
0.033017
0.029512
0.026054
0.022628
0.019229
0.015850
0.012491
0.012045
0.023466
0.076696
0.088586
0.086999
0.085082
0.082993
0.080852
0.078734
0.076692
0.074763
0.072971
0.070057
0.065690
0.061458
0.057374
0.053442
0.049656
0.046001
0.042458
0.039005
0.035621
0.032287
0.028984
0.025696
0.022409
0.019110
0.015790
0.012454
0.012014
0.023579
0.077048
0.087821
0.086108
0.084045
0.081795
0.079493
0.077234
0.075085
0.073092
0.071283
0.069671
0.066936
0.062793
0.058815
0.055005
0.051355
0.047851
0.044470
0.041188
0.037980
0.034821
0.031687
0.028558
0.025412
0.022232
0.019004
0.015725
0.012417
0.011987
0.023707
0.077351
0.087139
0.085304
0.083101
0.080692
0.078222
0.075804
0.073520
0.071424
0.069553
0.067925
0.066539
0.064027
0.060132
0.056420
0.052884
0.049509
0.046271
0.043145
0.040102
0.037114
0.034153
0.031192
0.028208
0.025177
0.022080
0.018908
0.015666
0.012385
0.011966
0.023843
0.077612
0.086535
0.084583
0.082244
0.079681
0.077044
0.074459
0.072020
0.069792
0.067822
0.066132
0.064729
0.063600
0.061340
0.057705
0.054261
0.050994
0.047880
0.044892
0.042000
0.039173
0.036380
0.033592
0.030780
0.027916
0.024978
0.021949
0.018824
0.015616
0.012359
0.011950
0.023982
0.077838
0.086003
0.083939
0.081470
0.078760
0.075961
0.073206
0.070601
0.068222
0.066122
0.064332
0.062867
0.061720
0.060867
0.058874
0.055503
0.052324
0.049314
0.046445
0.043689
0.041010
0.038377
0.035758
0.033119
0.030432
0.027670
0.024808
0.021836
0.018752
0.015575
0.012340
0.011938
0.024119
0.078035
0.085538
0.083368
0.080776
0.077925
0.074970
0.072048
0.069272
0.066729
0.064478
0.062561
0.060995
0.059784
0.058911
0.058342
0.056623
0.053513
0.050589
0.047823
0.045185
0.042640
0.040155
0.037695
0.035227
0.032718
0.030138
0.027460
0.024664
0.021741
0.018693
0.015542
0.012326
0.011930
0.024250
0.078207
0.085134
0.082864
0.080157
0.077172
0.074067
0.070982
0.068037
0.065323
0.062910
0.060842
0.059148
0.057835
0.056896
0.056305
0.056020
0.054576
0.051720
0.049039
0.046503
0.044077
0.041726
0.039415
0.037109
0.034774
0.032377
0.029888
0.027283
0.024543
0.021662
0.018646
0.015517
0.012317
0.011924
0.024373
0.078357
0.084786
0.082423
0.079606
0.076496
0.073248
0.070007
0.066895
0.064010
0.061427
0.059196
0.057351
0.055908
0.054865
0.054207
0.053899
0.053894
0.052718
0.050107
0.047656
0.045333
0.043103
0.040928
0.038774
0.036605
0.034386
0.032086
0.029676
0.027134
0.024442
0.021597
0.018608
0.015498
0.012310
0.011920
0.024486
0.078488
0.084487
0.082039
0.079120
0.075891
0.072509
0.069119
0.065846
0.062792
0.060036
0.057634
0.055625
0.054030
0.052855
0.052090
0.051714
0.051686
0.051953
0.051036
0.048657
0.046423
0.044298
0.042247
0.040232
0.038218
0.036170
0.034054
0.031839
0.029498
0.027009
0.024359
0.021545
0.018578
0.015484
0.012306
0.011917
0.024587
0.078603
0.084234
0.081706
0.078694
0.075354
0.071846
0.068314
0.064886
0.061667
0.058740
0.056165
0.053983
0.052222
0.050893
0.049994
0.049510
0.049412
0.049656
0.050184
0.049516
0.047356
0.045324
0.043382
0.041495
0.039625
0.037737
0.035797
0.033771
0.031630
0.029348
0.026906
0.024292
0.021504
0.018556
0.015474
0.012303
0.011914
0.024676
0.078702
0.084020
0.081420
0.078321
0.074880
0.071253
0.067588
0.064013
0.060635
0.057540
0.054792
0.052435
0.050500
0.049003
0.047947
0.047326
0.047119
0.047292
0.047798
0.048577
0.048144
0.046191
0.044346
0.042574
0.040836
0.039097
0.037322
0.035477
0.033531
0.031455
0.029224
0.026822
0.024237
0.021472
0.018538
0.015466
0.012301
0.011912
0.024750
0.078787
0.083842
0.081177
0.077998
0.074463
0.070727
0.066937
0.063223
0.059693
0.056436
0.053517
0.050985
0.048873
0.047200
0.045974
0.045195
0.044849
0.044911
0.045347
0.046104
0.047119
0.046909
0.045149
0.043479
0.041862
0.040261
0.038640
0.036966
0.035205
0.033329
0.031309
0.029122
0.026754
0.024195
0.021447
0.018525
0.015461
0.012299
0.011909
0.024811
0.078859
0.083695
0.080971
0.077721
0.074100
0.070263
0.066357
0.062512
0.058838
0.055426
0.052343
0.049638
0.047349
0.045496
0.044092
0.043141
0.042634
0.042556
0.042880
0.043567
0.044563
0.045802
0.045802
0.044223
0.042714
0.041238
0.039761
0.038246
0.036662
0.034976
0.033160
0.031189
0.029041
0.026701
0.024162
0.021428
0.018516
0.015456
0.012297
0.011906
0.024857
0.078918
0.083575
0.080800
0.077486
0.073787
0.069857
0.065843
0.061877
0.058068
0.054508
0.051267
0.048395
0.045931
0.043899
0.042314
0.041182
0.040501
0.040262
0.040444
0.041019
0.041945
0.043167
0.044618
0.044814
0.043402
0.042041
0.040695
0.039330
0.037910
0.036406
0.034785
0.033022
0.031092
0.028976
0.026660
0.024137
0.021415
0.018509
0.015453
0.012295
0.011903
0.024890
0.078966
0.083480
0.080660
0.077289
0.073520
0.069506
0.065394
0.061315
0.057380
0.053681
0.050289
0.047257
0.044624
0.042416
0.040650
0.039334
0.038471
0.038055
0.038074
0.038507
0.039321
0.040475
0.041910
0.043559
0.043937
0.042680
0.041455
0.040227
0.038962
0.037627
0.036193
0.034629
0.032912
0.031017
0.028927
0.026629
0.024120
0.021406
0.018505
0.015450
0.012292
0.011899
0.024909
0.079004
0.083407
0.080549
0.077129
0.073297
0.069208
0.065007
0.060824
0.056773
0.052944
0.049409
0.046225
0.043429
0.041050
0.039106
0.037607
0.036559
0.035959
0.035800
0.036069
0.036740
0.037783
0.039151
0.040787
0.042620
0.043168
0.042052
0.040950
0.039828
0.038653
0.037393
0.036020
0.034505
0.032826
0.030960
0.028891
0.026609
0.024109
0.021401
0.018502
0.015448
0.012288
0.011895
0.024917
0.079033
0.083353
0.080464
0.077001
0.073116
0.068960
0.064678
0.060402
0.056243
0.052294
0.048627
0.045298
0.042348
0.039804
0.037688
0.036010
0.034777
0.033990
0.033646
0.033735
0.034242
0.035141
0.036399
0.037969
0.039792
0.041797
0.042500
0.041513
0.040523
0.039496
0.038399
0.037205
0.035883
0.034411
0.032763
0.030920
0.028868
0.026596
0.024104
0.021398
0.018500
0.015445
0.012284
0.011891
0.024914
0.079053
0.083317
0.080402
0.076904
0.072973
0.068758
0.064406
0.060046
0.055790
0.051731
0.047941
0.044477
0.041381
0.038681
0.036399
0.034547
0.033133
0.032161
0.031629
0.031531
0.031858
0.032592
0.033706
0.035167
0.036926
0.038923
0.041085
0.041930
0.041060
0.040169
0.039225
0.038198
0.037059
0.035782
0.034343
0.032720
0.030896
0.028856
0.026592
0.024103
0.021399
0.018500
0.015443
0.012279
0.011888
0.024901
0.079065
0.083298
0.080363
0.076836
0.072866
0.068602
0.064188
0.059754
0.055410
0.051251
0.047350
0.043762
0.040529
0.037682
0.035243
0.033224
0.031636
0.030481
0.029762
0.029476
0.029615
0.030168
0.031117
0.032434
0.034084
0.036019
0.038176
0.040482
0.041454
0.040689
0.039885
0.039013
0.038044
0.036952
0.035711
0.034299
0.032696
0.030885
0.028853
0.026594
0.024107
0.021401
0.018501
0.015441
0.012275
0.011886
0.024882
0.079072
0.083294
0.080345
0.076797
0.072795
0.068489
0.064022
0.059523
0.055103
0.050854
0.046851
0.043149
0.039791
0.036808
0.034220
0.032043
0.030287
0.028957
0.028055
0.027581
0.027530
0.027895
0.028663
0.029815
0.031323
0.033149
0.035245
0.037547
0.039983
0.041070
0.040395
0.039667
0.038856
0.037936
0.036881
0.035668
0.034277
0.032688
0.030886
0.028860
0.026602
0.024114
0.021407
0.018503
0.015441
0.012273
0.011886
0.024856
0.079075
0.083307
0.080349
0.076784
0.072757
0.068417
0.063906
0.059352
0.054865
0.050537
0.046443
0.042638
0.039166
0.036056
0.033331
0.031005
0.029091
0.027593
0.026515
0.025857
0.025618
0.025792
0.026372
0.027342
0.028684
0.030369
0.032357
0.034600
0.037034
0.039585
0.040771
0.040174
0.039510
0.038749
0.037868
0.036843
0.035652
0.034275
0.032696
0.030899
0.028874
0.026615
0.024125
0.021415
0.018508
0.015443
0.012272
0.011890
0.024826
0.079075
0.083336
0.080374
0.076798
0.072753
0.068386
0.063838
0.059237
0.054693
0.050298
0.046123
0.042226
0.038650
0.035425
0.032573
0.030110
0.028046
0.026389
0.025143
0.024308
0.023885
0.023871
0.024260
0.025042
0.026202
0.027721
0.029568
0.031704
0.034079
0.036629
0.039280
0.040552
0.040021
0.039409
0.038689
0.037838
0.036835
0.035659
0.034292
0.032718
0.030922
0.028896
0.026635
0.024141
0.021427
0.018517
0.015448
0.012274
0.011897
0.024795
0.079073
0.083383
0.080421
0.076839
0.072781
0.068394
0.063818
0.059179
0.054587
0.050133
0.045888
0.041911
0.038241
0.034912
0.031944
0.029354
0.027152
0.025346
0.023941
0.022938
0.022338
0.022140
0.022340
0.022931
0.023902
0.025240
0.026921
0.028916
0.031185
0.033677
0.036329
0.039065
0.040409
0.039932
0.039360
0.038671
0.037843
0.036854
0.035688
0.034325
0.032752
0.030955
0.028926
0.026661
0.024163
0.021444
0.018529
0.015456
0.012279
0.011909
0.024765
0.079073
0.083449
0.080491
0.076909
0.072844
0.068442
0.063844
0.059175
0.054544
0.050040
0.045737
0.041688
0.037938
0.034515
0.031443
0.028737
0.026408
0.024463
0.022908
0.021746
0.020978
0.020603
0.020618
0.021020
0.021801
0.022949
0.024449
0.026278
0.028407
0.030793
0.033387
0.036125
0.038933
0.040336
0.039900
0.039360
0.038693
0.037879
0.036900
0.035737
0.034375
0.032800
0.030999
0.028965
0.026695
0.024191
0.021467
0.018547
0.015470
0.012289
0.011928
0.024737
0.079075
0.083536
0.080587
0.077008
0.072941
0.068531
0.063917
0.059225
0.054563
0.050019
0.045666
0.041557
0.037735
0.034231
0.031065
0.028254
0.025809
0.023738
0.022044
0.020733
0.019805
0.019261
0.019100
0.019317
0.019909
0.020866
0.022177
0.023825
0.025788
0.028034
0.030523
0.033204
0.036014
0.038879
0.040327
0.039923
0.039404
0.038751
0.037945
0.036969
0.035806
0.034441
0.032860
0.031054
0.029014
0.026737
0.024227
0.021497
0.018572
0.015490
0.012306
0.011954
0.024717
0.079083
0.083648
0.080711
0.077139
0.073074
0.068661
0.064038
0.059329
0.054643
0.050067
0.045673
0.041515
0.037632
0.034056
0.030809
0.027904
0.025355
0.023167
0.021346
0.019897
0.018820
0.018116
0.017786
0.017826
0.018233
0.019001
0.020121
0.021581
0.023363
0.025444
0.027792
0.030368
0.033121
0.035988
0.038898
0.040380
0.039996
0.039490
0.038844
0.038040
0.037062
0.035894
0.034523
0.032935
0.031122
0.029074
0.026790
0.024273
0.021536
0.018604
0.015518
0.012330
0.011990
0.024707
0.079100
0.083787
0.080865
0.077304
0.073246
0.068835
0.064208
0.059489
0.054785
0.050185
0.045759
0.041559
0.037626
0.033990
0.030671
0.027684
0.025041
0.022748
0.020812
0.019235
0.018020
0.017167
0.016677
0.016549
0.016779
0.017363
0.018293
0.019562
0.021155
0.023055
0.025238
0.027674
0.030322
0.033133
0.036044
0.038985
0.040490
0.040118
0.039617
0.038971
0.038163
0.037178
0.036002
0.034622
0.033026
0.031203
0.029147
0.026854
0.024329
0.021585
0.018647
0.015555
0.012364
0.012036
0.024712
0.079127
0.083959
0.081053
0.077506
0.073459
0.069054
0.064428
0.059705
0.054991
0.050374
0.045922
0.041690
0.037716
0.034029
0.030649
0.027591
0.024866
0.022480
0.020439
0.018746
0.017403
0.016412
0.015774
0.015486
0.015547
0.015954
0.016701
0.017780
0.019182
0.020893
0.022896
0.025167
0.027675
0.030380
0.033234
0.036177
0.039138
0.040656
0.040286
0.039783
0.039131
0.038314
0.037319
0.036132
0.034741
0.033134
0.031300
0.029233
0.026931
0.024397
0.021646
0.018702
0.015605
0.012409
0.012096
0.024736
0.079170
0.084168
0.081281
0.077750
0.073716
0.069321
0.064701
0.059979
0.055261
0.050633
0.046164
0.041907
0.037900
0.034172
0.030742
0.027623
0.024827
0.022359
0.020224
0.018427
0.016969
0.015851
0.015074
0.014637
0.014539
0.014778
0.015347
0.016242
0.017455
0.018976
0.020790
0.022880
0.025223
0.027789
0.030538
0.033422
0.036384
0.039354
0.040875
0.040501
0.039988
0.039324
0.038495
0.037486
0.036285
0.034881
0.033260
0.031415
0.029336
0.027024
0.024481
0.021722
0.018772
0.015670
0.012469
0.012172
0.024786
0.079232
0.084419
0.081552
0.078039
0.074021
0.069640
0.065030
0.060315
0.055598
0.050965
0.046486
0.042212
0.038180
0.034420
0.030948
0.027780
0.024923
0.022384
0.020168
0.018277
0.016715
0.015481
0.014578
0.014003
0.013756
0.013835
0.014236
0.014954
0.015983
0.017315
0.018939
0.020840
0.023003
0.025403
0.028012
0.030791
0.033694
0.036663
0.039632
0.041149
0.040761
0.040234
0.039553
0.038706
0.037681
0.036464
0.035043
0.033408
0.031548
0.029458
0.027135
0.024583
0.021816
0.018860
0.015752
0.012547
0.012266
0.024867
0.079318
0.084721
0.081873
0.078379
0.074379
0.070014
0.065419
0.060714
0.056004
0.051373
0.046890
0.042606
0.038557
0.034772
0.031269
0.028060
0.025153
0.022554
0.020267
0.018295
0.016640
0.015302
0.014283
0.013581
0.013197
0.013127
0.013369
0.013919
0.014771
0.015919
0.017354
0.019065
0.021039
0.023259
0.025703
0.028342
0.031139
0.034049
0.037015
0.039973
0.041475
0.041068
0.040520
0.039819
0.038951
0.037905
0.036669
0.035230
0.033578
0.031703
0.029600
0.027266
0.024705
0.021932
0.018969
0.015856
0.012645
0.012383
0.024989
0.079433
0.085080
0.082252
0.078776
0.074795
0.070448
0.065870
0.061180
0.056482
0.051859
0.047378
0.043090
0.039033
0.035231
0.031704
0.028463
0.025516
0.022868
0.020521
0.018479
0.016742
0.015312
0.014189
0.013372
0.012861
0.012653
0.012747
0.013138
0.013822
0.014793
0.016044
0.017567
0.019351
0.021383
0.023646
0.026119
0.028775
0.031579
0.034484
0.037438
0.040376
0.041856
0.041424
0.040850
0.040123
0.039231
0.038161
0.036902
0.035443
0.033773
0.031882
0.029766
0.027421
0.024852
0.022073
0.019105
0.015987
0.012770
0.012527
0.025159
0.079584
0.085507
0.082695
0.079237
0.075274
0.070947
0.066388
0.061717
0.057034
0.052424
0.047952
0.043668
0.039608
0.035798
0.032255
0.028991
0.026013
0.023324
0.020929
0.018827
0.017020
0.015509
0.014293
0.013373
0.012747
0.012413
0.012369
0.012612
0.013137
0.013940
0.015015
0.016354
0.017949
0.019791
0.021867
0.024159
0.026650
0.029312
0.032110
0.035001
0.037932
0.040841
0.042293
0.041830
0.041225
0.040468
0.039547
0.038450
0.037166
0.035684
0.033994
0.032087
0.029958
0.027604
0.025028
0.022244
0.019273
0.016150
0.012926
0.012702
0.025389
0.079778
0.086011
0.083213
0.079770
0.075823
0.071515
0.066977
0.062326
0.057664
0.053072
0.048615
0.044340
0.040285
0.036473
0.032922
0.029643
0.026642
0.023924
0.021489
0.019338
0.017473
0.015892
0.014596
0.013583
0.012854
0.012405
0.012235
0.012340
0.012717
0.013362
0.014268
0.015431
0.016843
0.018497
0.020382
0.022487
0.024797
0.027293
0.029948
0.032731
0.035598
0.038498
0.041371
0.042787
0.042286
0.041645
0.040853
0.039899
0.038772
0.037461
0.035955
0.034245
0.032322
0.030181
0.027819
0.025239
0.022452
0.019478
0.016351
0.013121
0.012915
0.025691
0.080021
0.086603
0.083815
0.080382
0.076450
0.072159
0.067641
0.063013
0.058375
0.053805
0.049367
0.045109
0.041064
0.037258
0.033707
0.030421
0.027406
0.024665
0.022200
0.020011
0.018097
0.016458
0.015093
0.014000
0.013178
0.012627
0.012342
0.012321
0.012561
0.013057
0.013805
0.014800
0.016036
0.017507
0.019204
0.021119
0.023241
0.025556
0.028045
0.030684
0.033441
0.036275
0.039135
0.041964
0.043338
0.042794
0.042111
0.041280
0.040289
0.039128
0.037787
0.036256
0.034526
0.032589
0.030438
0.028071
0.025490
0.022702
0.019728
0.016599
0.013361
0.013173
0.026082
0.080323
0.087296
0.084511
0.081084
0.077162
0.072885
0.068386
0.063782
0.059168
0.054624
0.050211
0.045974
0.041947
0.038154
0.034610
0.031324
0.028303
0.025549
0.023063
0.020845
0.018893
0.017206
0.015783
0.014621
0.013719
0.013076
0.012688
0.012552
0.012666
0.013026
0.013626
0.014462
0.015531
0.016825
0.018339
0.020066
0.021998
0.024125
0.026434
0.028906
0.031518
0.034240
0.037031
0.039845
0.042622
0.043946
0.043352
0.042623
0.041747
0.040716
0.039519
0.038147
0.036591
0.034842
0.032892
0.030735
0.028367
0.025787
0.023004
0.020032
0.016902
0.013657
0.013486
0.026580
0.080692
0.088104
0.085314
0.081886
0.077967
0.073700
0.069218
0.064635
0.060047
0.055531
0.051147
0.046937
0.042934
0.039161
0.035631
0.032353
0.029334
0.026575
0.024076
0.021838
0.019857
0.018133
0.016662
0.015443
0.014473
0.013749
0.013270
0.013032
0.013031
0.013265
0.013728
0.014417
0.015327
0.016454
0.017792
0.019336
0.021080
0.023017
0.025137
0.027428
0.029872
0.032448
0.035126
0.037868
0.040625
0.043343
0.044609
0.043960
0.043178
0.042253
0.041178
0.039943
0.038540
0.036960
0.035195
0.033237
0.031078
0.028713
0.026140
0.023364
0.020399
0.017271
0.014021
0.013864
0.027206
0.081136
0.089040
0.086236
0.082797
0.078874
0.074612
0.070142
0.065578
0.061016
0.056529
0.052176
0.047998
0.044025
0.040278
0.036769
0.033508
0.030498
0.027742
0.025240
0.022989
0.020989
0.019237
0.017729
0.016463
0.015436
0.014644
0.014085
0.013756
0.013652
0.013771
0.014109
0.014661
0.015423
0.016392
0.017562
0.018931
0.020492
0.022241
0.024171
0.026273
0.028535
0.030943
0.033473
0.036099
0.038781
0.041475
0.044126
0.045325
0.044614
0.043774
0.042798
0.041676
0.040402
0.038969
0.037367
0.035590
0.033627
0.031471
0.029115
0.026555
0.023793
0.020840
0.017718
0.014466
0.014321
0.027983
0.081663
0.090118
0.087286
0.083826
0.079892
0.075627
0.071163
0.066615
0.062076
0.057619
0.053299
0.049156
0.045218
0.041504
0.038024
0.034786
0.031794
0.029049
0.026551
0.024297
0.022287
0.020515
0.018980
0.017678
0.016604
0.015755
0.015128
0.014719
0.014525
0.014541
0.014764
0.015190
0.015816
0.016637
0.017649
0.018850
0.020235
0.021801
0.023543
0.025455
0.027528
0.029753
0.032114
0.034590
0.037154
0.039770
0.042391
0.044966
0.046090
0.045311
0.044409
0.043377
0.042208
0.040895
0.039433
0.037813
0.036028
0.034067
0.031921
0.029581
0.027041
0.024299
0.021364
0.018255
0.015007
0.014870
0.028939
0.082279
0.091347
0.088474
0.084982
0.081025
0.076749
0.072286
0.067748
0.063229
0.058800
0.054515
0.050410
0.046511
0.042835
0.039390
0.036184
0.033217
0.030492
0.028006
0.025758
0.023745
0.021964
0.020411
0.019082
0.017972
0.017077
0.016393
0.015916
0.015642
0.015568
0.015688
0.016000
0.016499
0.017183
0.018048
0.019091
0.020309
0.021699
0.023258
0.024981
0.026864
0.028899
0.031076
0.033381
0.035795
0.038289
0.040828
0.043368
0.045858
0.046899
0.046047
0.045079
0.043988
0.042771
0.041421
0.039933
0.038300
0.036513
0.034560
0.032431
0.030114
0.027602
0.024890
0.021983
0.018897
0.015661
0.015527
0.030104
0.082986
0.092735
0.089804
0.086266
0.082276
0.077981
0.073512
0.068980
0.064477
0.060073
0.055821
0.051756
0.047899
0.044266
0.040864
0.037696
0.034763
0.032066
0.029601
0.027367
0.025361
0.023579
0.022016
0.020669
0.019533
0.018602
0.017873
0.017339
0.016998
0.016843
0.016873
0.017082
0.017467
0.018025
0.018753
0.019648
0.020707
0.021930
0.023313
0.024853
0.026547
0.028391
0.030377
0.032498
0.034739
0.037081
0.039495
0.041949
0.044399
0.046796
0.047747
0.046816
0.045778
0.044628
0.043363
0.041979
0.040470
0.038828
0.037044
0.035107
0.033002
0.030717
0.028242
0.025571
0.022705
0.019656
0.016447
0.016307
0.031509
0.083780
0.094285
0.091278
0.087678
0.083645
0.079322
0.074839
0.070307
0.065816
0.061436
0.057216
0.053190
0.049378
0.045793
0.042438
0.039316
0.036425
0.033763
0.031328
0.029117
0.027126
0.025351
0.023789
0.022433
0.021280
0.020323
0.019558
0.018979
0.018580
0.018358
0.018308
0.018426
0.018709
0.019152
0.019754
0.020512
0.021424
0.022488
0.023703
0.025067
0.026578
0.028232
0.030027
0.031957
0.034012
0.036180
0.038439
0.040765
0.043125
0.045476
0.047773
0.048625
0.047612
0.046502
0.045293
0.043982
0.042566
0.041039
0.039394
0.037620
0.035704
0.033631
0.031387
0.028962
0.026345
0.023536
0.020542
0.017381
0.017224
0.033179
0.084649
0.095991
0.092887
0.089211
0.085122
0.080764
0.076262
0.071726
0.067243
0.062883
0.058693
0.054707
0.050941
0.047406
0.044103
0.041033
0.038191
0.035574
0.033178
0.030998
0.029031
0.027273
0.025718
0.024363
0.023201
0.022228
0.021437
0.020822
0.020378
0.020100
0.019982
0.020020
0.020211
0.020552
0.021040
0.021672
0.022446
0.023363
0.024420
0.025616
0.026950
0.028420
0.030026
0.031763
0.033627
0.035607
0.037692
0.039861
0.042089
0.044345
0.046590
0.048781
0.049527
0.048428
0.047245
0.045977
0.044622
0.043177
0.041637
0.039993
0.038233
0.036344
0.034310
0.032118
0.029755
0.027210
0.024478
0.021562
0.018474
0.018283
0.035132
0.085569
0.097844
0.094623
0.090854
0.086697
0.082295
0.077769
0.073225
0.068748
0.064406
0.060245
0.056297
0.052578
0.049096
0.045849
0.042836
0.040050
0.037485
0.035136
0.032997
0.031063
0.029329
0.027792
0.026445
0.025284
0.024303
0.023495
0.022855
0.022375
0.022051
0.021876
0.021847
0.021958
0.022208
0.022593
0.023110
0.023759
0.024539
0.025447
0.026485
0.027651
0.028946
0.030367
0.031915
0.033585
0.035374
0.037270
0.039262
0.041332
0.043454
0.045600
0.047732
0.049810
0.050445
0.049259
0.048003
0.046676
0.045279
0.043807
0.042255
0.040614
0.038871
0.037014
0.035028
0.032899
0.030614
0.028159
0.025526
0.022714
0.019728
0.019481
0.037364
0.086514
0.099830
0.096475
0.092594
0.088357
0.083900
0.079344
0.074789
0.070316
0.065991
0.061859
0.057950
0.054278
0.050850
0.047662
0.044710
0.041985
0.039479
0.037185
0.035095
0.033203
0.031504
0.029992
0.028663
0.027511
0.026530
0.025714
0.025057
0.024551
0.024191
0.023970
0.023884
0.023928
0.024098
0.024392
0.024807
0.025341
0.025995
0.026767
0.027657
0.028665
0.029792
0.031037
0.032401
0.033882
0.035477
0.037181
0.038985
0.040876
0.042838
0.044848
0.046877
0.048892
0.050855
0.051373
0.050098
0.048767
0.047382
0.045943
0.044444
0.042881
0.041243
0.039519
0.037699
0.035770
0.033717
0.031526
0.029181
0.026668
0.023988
0.021135
0.020792
0.039860
0.087431
0.101902
0.098423
0.094420
0.090090
0.085570
0.080974
0.076401
0.071931
0.067621
0.063518
0.059648
0.056024
0.052652
0.049525
0.046637
0.043978
0.041537
0.039304
0.037271
0.035429
0.033772
0.032295
0.030992
0.029857
0.028885
0.028070
0.027404
0.026881
0.026495
0.026238
0.026106
0.026093
0.026195
0.026409
0.026733
0.027165
0.027705
0.028352
0.029106
0.029967
0.030936
0.032014
0.033202
0.034500
0.035906
0.037417
0.039029
0.040732
0.042516
0.044364
0.046256
0.048165
0.050061
0.051907
0.052307
0.050942
0.049536
0.048091
0.046606
0.045078
0.043501
0.041865
0.040165
0.038388
0.036523
0.034553
0.032465
0.030241
0.027869
0.025339
0.022632
0.022123
0.042730
0.088237
0.104128
0.100483
0.096303
0.091868
0.087280
0.082640
0.078045
0.073572
0.069278
0.065202
0.061371
0.057798
0.054482
0.051418
0.048597
0.046007
0.043634
0.041468
0.039498
0.037714
0.036108
0.034674
0.033404
0.032295
0.031340
0.030532
0.029866
0.029334
0.028930
0.028647
0.028478
0.028418
0.028464
0.028610
0.028855
0.029197
0.029635
0.030169
0.030799
0.031525
0.032348
0.033270
0.034292
0.035415
0.036639
0.037962
0.039382
0.040895
0.042492
0.044163
0.045894
0.047666
0.049455
0.051232
0.052962
0.053242
0.051783
0.050298
0.048790
0.047256
0.045694
0.044099
0.042466
0.040789
0.039057
0.037260
0.035381
0.033407
0.031320
0.029104
0.026748
0.024226
0.023497
0.045806
0.088804
0.106352
0.102577
0.098266
0.093645
0.088990
0.084309
0.079693
0.075217
0.070938
0.066890
0.063099
0.059575
0.056317
0.053317
0.050565
0.048045
0.045744
0.043649
0.041747
0.040026
0.038477
0.037093
0.035865
0.034789
0.033857
0.033065
0.032406
0.031873
0.031459
0.031157
0.030961
0.030865
0.030864
0.030953
0.031131
0.031394
0.031743
0.032176
0.032695
0.033298
0.033988
0.034766
0.035633
0.036593
0.037644
0.038788
0.040022
0.041346
0.042754
0.044241
0.045798
0.047411
0.049064
0.050735
0.052396
0.054014
0.054171
0.052617
0.051050
0.049471
0.047882
0.046280
0.044662
0.043026
0.041368
0.039680
0.037952
0.036171
0.034323
0.032390
0.030357
0.028209
0.025776
0.024775
0.049091
0.089123
0.108547
0.104616
0.100180
0.095445
0.090656
0.085938
0.081308
0.076836
0.072574
0.068557
0.064806
0.061332
0.058132
0.055196
0.052512
0.050064
0.047836
0.045813
0.043981
0.042328
0.040841
0.039512
0.038333
0.037296
0.036396
0.035626
0.034981
0.034453
0.034037
0.033724
0.033508
0.033384
0.033346
0.033389
0.033510
0.033707
0.033979
0.034324
0.034743
0.035237
0.035807
0.036454
0.037180
0.037989
0.038880
0.039854
0.040913
0.042054
0.043278
0.044580
0.045957
0.047400
0.048899
0.050437
0.051998
0.053552
0.055061
0.055097
0.053442
0.051786
0.050130
0.048476
0.046824
0.045173
0.043525
0.041877
0.040226
0.038565
0.036887
0.035178
0.033419
0.031591
0.029561
0.027254
0.025998
0.051978
0.090979
0.113093
0.108331
0.103188
0.097832
0.092433
0.087253
0.082254
0.077483
0.072983
0.068785
0.064901
0.061332
0.058070
0.055099
0.052403
0.049959
0.047750
0.045755
0.043958
0.042343
0.040897
0.039607
0.038463
0.037457
0.036582
0.035830
0.035197
0.034674
0.034256
0.033934
0.033702
0.033553
0.033482
0.033483
0.033552
0.033686
0.033884
0.034144
0.034466
0.034850
0.035298
0.035811
0.036391
0.037041
0.037763
0.038559
0.039431
0.040380
0.041409
0.042520
0.043714
0.044994
0.046357
0.047801
0.049322
0.050909
0.052540
0.054189
0.054421
0.053127
0.051882
0.050692
0.049563
0.048499
0.047502
0.046575
0.045716
0.044921
0.044176
0.043459
0.042733
0.041950
0.041034
0.039793
0.038242
0.037311
0.066099
0.089561
0.112359
0.107449
0.102272
0.096954
0.091599
0.086386
0.081405
0.076665
0.072202
0.068042
0.064199
0.060675
0.057463
0.054547
0.051909
0.049528
0.047383
0.045453
0.043721
0.042168
0.040781
0.039546
0.038452
0.037488
0.036648
0.035925
0.035311
0.034800
0.034387
0.034063
0.033823
0.033659
0.033565
0.033537
0.033568
0.033657
0.033801
0.033998
0.034247
0.034548
0.034904
0.035315
0.035784
0.036313
0.036904
0.037560
0.038285
0.039080
0.039949
0.040897
0.041929
0.043051
0.044268
0.045586
0.047007
0.048537
0.050164
0.051874
0.053646
0.054034
0.053020
0.052089
0.051249
0.050504
0.049856
0.049307
0.048857
0.048493
0.048200
0.047944
0.047683
0.047355
0.046887
0.046142
0.045001
0.043478
0.042011
0.069536
0.089967
0.114280
0.108930
0.103360
0.097719
0.092086
0.086567
0.081337
0.076420
0.071826
0.067573
0.063668
0.060109
0.056884
0.053975
0.051360
0.049014
0.046912
0.045033
0.043355
0.041858
0.040527
0.039345
0.038301
0.037383
0.036582
0.035891
0.035302
0.034810
0.034407
0.034088
0.033845
0.033672
0.033564
0.033514
0.033518
0.033572
0.033673
0.033819
0.034009
0.034244
0.034523
0.034850
0.035225
0.035651
0.036132
0.036669
0.037265
0.037925
0.038652
0.039453
0.040334
0.041304
0.042375
0.043555
0.044858
0.046294
0.047870
0.049583
0.051425
0.053384
0.054004
0.053341
0.052802
0.052395
0.052125
0.051995
0.051999
0.052131
0.052369
0.052684
0.053030
0.053355
0.053581
0.053594
0.053271
0.052469
0.051256
0.049526
0.073884
0.088039
0.112433
0.107060
0.101569
0.096053
0.090566
0.085156
0.079990
0.075135
0.070606
0.066416
0.062573
0.059076
0.055914
0.053071
0.050523
0.048247
0.046216
0.044408
0.042801
0.041374
0.040108
0.038988
0.038001
0.037134
0.036377
0.035723
0.035164
0.034693
0.034305
0.033993
0.033752
0.033576
0.033457
0.033392
0.033375
0.033401
0.033469
0.033576
0.033720
0.033901
0.034119
0.034377
0.034676
0.035019
0.035408
0.035847
0.036337
0.036884
0.037492
0.038166
0.038916
0.039752
0.040685
0.041732
0.042909
0.044235
0.045727
0.047397
0.049248
0.051282
0.053501
0.054434
0.054181
0.054093
0.054171
0.054413
0.054815
0.055361
0.056028
0.056776
0.057565
0.058331
0.058995
0.059447
0.059488
0.059129
0.058171
0.052334
0.046089
0.067877
0.087523
0.113214
0.107613
0.101909
0.096189
0.090516
0.084928
0.079577
0.074560
0.069911
0.065638
0.061742
0.058216
0.055045
0.052208
0.049681
0.047437
0.045449
0.043689
0.042132
0.040759
0.039548
0.038482
0.037546
0.036727
0.036014
0.035398
0.034871
0.034425
0.034056
0.033756
0.033521
0.033345
0.033222
0.033146
0.033114
0.033119
0.033161
0.033235
0.033340
0.033475
0.033640
0.033837
0.034068
0.034335
0.034639
0.034984
0.035372
0.035807
0.036293
0.036836
0.037444
0.038126
0.038895
0.039767
0.040760
0.041897
0.043199
0.044685
0.046367
0.048255
0.050354
0.052669
0.053712
0.053676
0.053827
0.054162
0.054682
0.055373
0.056219
0.057189
0.058249
0.059346
0.060412
0.061358
0.061993
0.062328
0.062155
0.057056
0.051493
0.045479
0.067861
0.085198
0.110456
0.104938
0.099406
0.093900
0.088436
0.083023
0.077798
0.072868
0.068291
0.064087
0.060260
0.056801
0.053699
0.050932
0.048477
0.046305
0.044390
0.042704
0.041221
0.039920
0.038779
0.037778
0.036903
0.036140
0.035477
0.034904
0.034413
0.033997
0.033650
0.033367
0.033141
0.032969
0.032845
0.032763
0.032719
0.032710
0.032731
0.032781
0.032856
0.032957
0.033083
0.033234
0.033413
0.033622
0.033863
0.034138
0.034451
0.034804
0.035202
0.035651
0.036159
0.036733
0.037388
0.038139
0.039008
0.040020
0.041202
0.042583
0.044189
0.046041
0.048159
0.050561
0.053269
0.054783
0.055278
0.055985
0.056897
0.058000
0.059267
0.060673
0.062172
0.063710
0.065213
0.066502
0.067609
0.068341
0.064047
0.059268
0.054024
0.048300
0.042064
0.061786
0.084412
0.110814
0.105087
0.099337
0.093631
0.087984
0.082389
0.076992
0.071907
0.067203
0.062908
0.059024
0.055537
0.052426
0.049669
0.047236
0.045099
0.043228
0.041592
0.040164
0.038918
0.037834
0.036891
0.036071
0.035360
0.034745
0.034216
0.033763
0.033380
0.033059
0.032796
0.032585
0.032421
0.032300
0.032217
0.032167
0.032146
0.032152
0.032181
0.032232
0.032302
0.032391
0.032500
0.032630
0.032783
0.032961
0.033165
0.033399
0.033665
0.033967
0.034310
0.034701
0.035147
0.035659
0.036254
0.036950
0.037772
0.038746
0.039906
0.041282
0.042905
0.044798
0.046988
0.049502
0.052369
0.054068
0.054845
0.055851
0.057073
0.058491
0.060082
0.061809
0.063623
0.065462
0.067148
0.068734
0.070073
0.066400
0.062311
0.057767
0.052816
0.047399
0.041415
0.061701
0.081322
0.107751
0.102242
0.096753
0.091302
0.085892
0.080465
0.075179
0.070161
0.065498
0.061235
0.057383
0.053934
0.050866
0.048155
0.045772
0.043689
0.041874
0.040298
0.038930
0.037745
0.036721
0.035836
0.035071
0.034410
0.033842
0.033354
0.032938
0.032586
0.032291
0.032047
0.031850
0.031696
0.031579
0.031496
0.031442
0.031414
0.031408
0.031422
0.031453
0.031500
0.031561
0.031638
0.031730
0.031839
0.031967
0.032115
0.032286
0.032482
0.032706
0.032962
0.033256
0.033594
0.033987
0.034447
0.034991
0.035642
0.036426
0.037373
0.038519
0.039899
0.041549
0.043494
0.045770
0.048413
0.051460
0.053379
0.054460
0.055780
0.057319
0.059058
0.060961
0.062983
0.065065
0.067030
0.068935
0.070655
0.067335
0.063621
0.059463
0.054824
0.049763
0.044184
0.038012
0.055587
0.080251
0.107755
0.102020
0.096287
0.090592
0.084904
0.079323
0.073856
0.068676
0.063884
0.059530
0.055622
0.052149
0.049082
0.046390
0.044040
0.041999
0.040235
0.038715
0.037410
0.036288
0.035325
0.034502
0.033797
0.033194
0.032678
0.032239
0.031866
0.031552
0.031289
0.031073
0.030897
0.030759
0.030653
0.030575
0.030523
0.030492
0.030479
0.030482
0.030499
0.030526
0.030564
0.030612
0.030671
0.030741
0.030824
0.030921
0.031034
0.031165
0.031317
0.031492
0.031696
0.031934
0.032215
0.032548
0.032950
0.033439
0.034039
0.034778
0.035689
0.036812
0.038188
0.039856
0.041850
0.044211
0.046986
0.050225
0.052385
0.053799
0.055463
0.057359
0.059455
0.061713
0.064080
0.066379
0.068680
0.070897
0.068081
0.064933
0.061416
0.057488
0.053172
0.048403
0.043172
0.037315
0.055390
0.076827
0.104338
0.098855
0.093402
0.087968
0.082438
0.076988
0.071595
0.066448
0.061676
0.057342
0.053465
0.050031
0.047014
0.044376
0.042084
0.040104
0.038403
0.036949
0.035710
0.034654
0.033756
0.032995
0.032349
0.031800
0.031334
0.030938
0.030604
0.030324
0.030090
0.029897
0.029741
0.029617
0.029520
0.029449
0.029399
0.029366
0.029349
0.029345
0.029351
0.029365
0.029386
0.029414
0.029449
0.029491
0.029542
0.029602
0.029672
0.029755
0.029852
0.029966
0.030101
0.030261
0.030452
0.030685
0.030971
0.031326
0.031770
0.032327
0.033029
0.033910
0.035014
0.036387
0.038076
0.040125
0.042579
0.045501
0.048951
0.051391
0.053162
0.055195
0.057460
0.059920
0.062525
0.065101
0.067719
0.070307
0.067851
0.065084
0.061967
0.058459
0.054542
0.050187
0.045307
0.039950
0.033940
0.049183
0.075442
0.103949
0.098187
0.092437
0.086641
0.080887
0.075139
0.069516
0.064177
0.059267
0.054853
0.050945
0.047518
0.044534
0.041949
0.039719
0.037805
0.036175
0.034794
0.033632
0.032656
0.031835
0.031144
0.030566
0.030082
0.029674
0.029333
0.029047
0.028810
0.028614
0.028454
0.028325
0.028223
0.028144
0.028085
0.028043
0.028015
0.027998
0.027990
0.027989
0.027993
0.028000
0.028011
0.028024
0.028040
0.028060
0.028085
0.028115
0.028151
0.028196
0.028252
0.028321
0.028406
0.028514
0.028651
0.028828
0.029058
0.029357
0.029745
0.030247
0.030895
0.031727
0.032791
0.034139
0.035825
0.037909
0.040444
0.043499
0.047160
0.049911
0.052073
0.054504
0.057172
0.060033
0.062909
0.065883
0.068920
0.066921
0.064656
0.062092
0.059196
0.055943
0.052306
0.048237
0.043759
0.038774
0.033174
0.048770
0.071702
0.100203
0.094737
0.089258
0.083639
0.077967
0.072197
0.066543
0.061182
0.056268
0.051880
0.048027
0.044674
0.041777
0.039285
0.037149
0.035325
0.033779
0.032480
0.031398
0.030500
0.029755
0.029134
0.028621
0.028196
0.027842
0.027546
0.027301
0.027099
0.026933
0.026799
0.026691
0.026607
0.026542
0.026493
0.026457
0.026433
0.026417
0.026408
0.026403
0.026401
0.026400
0.026400
0.026400
0.026400
0.026402
0.026405
0.026409
0.026416
0.026428
0.026444
0.026469
0.026504
0.026553
0.026622
0.026720
0.026857
0.027045
0.027300
0.027643
0.028098
0.028698
0.029483
0.030504
0.031822
0.033502
0.035612
0.038225
0.041422
0.045298
0.048409
0.050985
0.053835
0.056915
0.060054
0.063338
0.066740
0.065122
0.063268
0.061144
0.058716
0.055943
0.052788
0.049211
0.045188
0.040673
0.035592
0.029856
0.042475
0.069963
0.099494
0.093679
0.087659
0.081633
0.075462
0.069270
0.063263
0.057674
0.052646
0.048236
0.044426
0.041160
0.038372
0.036003
0.033997
0.032299
0.030866
0.029671
0.028690
0.027891
0.027242
0.026713
0.026278
0.025925
0.025637
0.025402
0.025210
0.025056
0.024933
0.024836
0.024760
0.024703
0.024661
0.024631
0.024609
0.024595
0.024586
0.024580
0.024575
0.024569
0.024562
0.024552
0.024539
0.024524
0.024505
0.024485
0.024462
0.024438
0.024414
0.024390
0.024369
0.024352
0.024342
0.024344
0.024365
0.024413
0.024498
0.024631
0.024828
0.025108
0.025496
0.026022
0.026729
0.027672
0.028920
0.030550
0.032644
0.035296
0.038605
0.042686
0.046203
0.049215
0.052501
0.055887
0.059477
0.063286
0.062107
0.060735
0.059142
0.057294
0.055154
0.052681
0.049837
0.046595
0.042927
0.038788
0.034203
0.028909
0.041835
0.065869
0.095498
0.090020
0.084171
0.078075
0.071688
0.065268
0.059098
0.053435
0.048431
0.044117
0.040455
0.037358
0.034743
0.032546
0.030709
0.029168
0.027872
0.026793
0.025911
0.025204
0.024642
0.024193
0.023829
0.023540
0.023306
0.023117
0.022965
0.022844
0.022750
0.022677
0.022623
0.022584
0.022556
0.022537
0.022525
0.022518
0.022513
0.022510
0.022506
0.022500
0.022491
0.022478
0.022461
0.022439
0.022413
0.022383
0.022349
0.022312
0.022271
0.022229
0.022185
0.022142
0.022101
0.022066
0.022042
0.022037
0.022057
0.022110
0.022209
0.022367
0.022601
0.022933
0.023394
0.024025
0.024885
0.026050
0.027610
0.029670
0.032343
0.035750
0.040023
0.043995
0.047438
0.051019
0.054848
0.058953
0.058126
0.057153
0.056006
0.054657
0.053068
0.051186
0.048962
0.046346
0.043293
0.039752
0.035708
0.031055
0.025677
0.035503
0.063666
0.094506
0.088369
0.081739
0.074726
0.067545
0.060483
0.053922
0.048094
0.043105
0.038923
0.035454
0.032597
0.030222
0.028252
0.026642
0.025321
0.024225
0.023314
0.022568
0.021979
0.021530
0.021187
0.020922
0.020710
0.020547
0.020422
0.020327
0.020257
0.020208
0.020176
0.020158
0.020151
0.020151
0.020156
0.020163
0.020172
0.020180
0.020185
0.020187
0.020184
0.020174
0.020158
0.020135
0.020104
0.020066
0.020021
0.019969
0.019911
0.019846
0.019777
0.019703
0.019626
0.019545
0.019466
0.019391
0.019327
0.019279
0.019254
0.019258
0.019303
0.019400
0.019565
0.019815
0.020180
0.020699
0.021430
0.022453
0.023875
0.025828
0.028463
0.031924
0.036360
0.040835
0.044554
0.048569
0.052963
0.052496
0.051941
0.051263
0.050444
0.049464
0.048260
0.046779
0.044967
0.042771
0.040136
0.037026
0.033420
0.029263
0.024508
0.034616
0.057791
0.091770
0.085737
0.078653
0.070866
0.062926
0.055334
0.048523
0.042688
0.037849
0.033919
0.030704
0.028091
0.025989
0.024245
0.022853
0.021733
0.020821
0.020075
0.019465
0.018968
0.018592
0.018311
0.018108
0.017947
0.017825
0.017732
0.017663
0.017614
0.017583
0.017566
0.017561
0.017565
0.017575
0.017588
0.017603
0.017617
0.017630
0.017640
0.017645
0.017645
0.017638
0.017623
0.017601
0.017570
0.017532
0.017485
0.017430
0.017367
0.017297
0.017220
0.017137
0.017049
0.016954
0.016856
0.016758
0.016662
0.016575
0.016498
0.016438
0.016397
0.016384
0.016409
0.016477
0.016605
0.016811
0.017122
0.017585
0.018270
0.019283
0.020769
0.022881
0.025755
0.029537
0.033618
0.037385
0.041505
0.046042
0.045749
0.045401
0.044960
0.044457
0.043803
0.042946
0.041856
0.040454
0.038661
0.036397
0.033603
0.030215
0.026173
0.021389
0.028391
0.054490
0.090712
0.083363
0.074397
0.064941
0.055832
0.047668
0.040746
0.035155
0.030701
0.027184
0.024453
0.022225
0.020465
0.019050
0.017970
0.017126
0.016464
0.015939
0.015531
0.015214
0.014971
0.014779
0.014681
0.014617
0.014563
0.014531
0.014519
0.014523
0.014541
0.014569
0.014605
0.014646
0.014689
0.014732
0.014772
0.014808
0.014839
0.014864
0.014880
0.014887
0.014885
0.014873
0.014849
0.014815
0.014770
0.014714
0.014648
0.014570
0.014483
0.014387
0.014283
0.014171
0.014051
0.013924
0.013793
0.013662
0.013533
0.013409
0.013294
0.013191
0.013105
0.013040
0.013004
0.013004
0.013051
0.013157
0.013344
0.013647
0.014128
0.014902
0.016148
0.018054
0.020778
0.024518
0.029001
0.033201
0.037917
0.037881
0.037827
0.037756
0.037686
0.037532
0.037221
0.036820
0.036205
0.035323
0.034093
0.032395
0.030162
0.027328
0.023879
0.019871
0.027084
0.048102
0.087627
0.079045
0.068096
0.057060
0.047208
0.039076
0.032642
0.027671
0.023950
0.021040
0.018798
0.017000
0.015651
0.014612
0.013793
0.013172
0.012698
0.012332
0.012057
0.011853
0.011695
0.011603
0.011543
0.011532
0.011515
0.011507
0.011514
0.011533
0.011564
0.011603
0.011648
0.011697
0.011746
0.011794
0.011840
0.011881
0.011916
0.011945
0.011965
0.011977
0.011980
0.011973
0.011956
0.011929
0.011892
0.011844
0.011786
0.011718
0.011640
0.011554
0.011459
0.011358
0.011250
0.011133
0.011012
0.010889
0.010766
0.010645
0.010528
0.010418
0.010319
0.010232
0.010163
0.010116
0.010094
0.010108
0.010166
0.010281
0.010472
0.010789
0.011350
0.012308
0.013802
0.016255
0.019934
0.025165
0.029904
0.029959
0.030021
0.030102
0.030175
0.030236
0.030262
0.030269
0.030164
0.029908
0.029525
0.028822
0.027736
0.026116
0.023828
0.020806
0.017097
0.021131
0.038092
0.089315
0.074812
0.059866
0.046355
0.035952
0.028333
0.022832
0.018752
0.015744
0.013446
0.011760
0.010515
0.009569
0.008897
0.008388
0.008026
0.007784
0.007638
0.007547
0.007501
0.007478
0.007510
0.007558
0.007668
0.007766
0.007816
0.007884
0.007969
0.008064
0.008165
0.008269
0.008373
0.008473
0.008567
0.008653
0.008730
0.008797
0.008852
0.008894
0.008922
0.008937
0.008937
0.008922
0.008893
0.008849
0.008790
0.008716
0.008629
0.008527
0.008412
0.008286
0.008149
0.008004
0.007848
0.007682
0.007510
0.007333
0.007153
0.006973
0.006793
0.006615
0.006442
0.006275
0.006118
0.005971
0.005838
0.005721
0.005625
0.005551
0.005503
0.005501
0.005645
0.005951
0.006599
0.008039
0.010795
0.015494
0.020415
0.020714
0.021024
0.021328
0.021635
0.021952
0.022230
0.022477
0.022670
0.022841
0.022830
0.022641
0.022234
0.021405
0.019949
0.017685
0.014773
0.019015
0.014002
0.086533
0.065616
0.046936
0.033390
0.024762
0.019056
0.015041
0.012033
0.009860
0.008280
0.007051
0.006187
0.005573
0.005165
0.004886
0.004705
0.004616
0.004615
0.004654
0.004715
0.004785
0.004886
0.005017
0.005162
0.005379
0.005469
0.005574
0.005699
0.005836
0.005979
0.006122
0.006263
0.006398
0.006524
0.006640
0.006744
0.006834
0.006909
0.006968
0.007011
0.007037
0.007046
0.007037
0.007011
0.006968
0.006908
0.006830
0.006736
0.006625
0.006499
0.006358
0.006205
0.006041
0.005869
0.005682
0.005487
0.005285
0.005078
0.004869
0.004659
0.004448
0.004238
0.004032
0.003832
0.003639
0.003456
0.003284
0.003127
0.002986
0.002858
0.002736
0.002676
0.002780
0.002923
0.003264
0.004113
0.006743
0.012705
0.013106
0.013514
0.013904
0.014294
0.014690
0.015061
0.015414
0.015720
0.015964
0.016165
0.016272
0.016344
0.016276
0.016040
0.015511
0.014368
0.011553
0.011788
0.004978
0.128401
0.084484
0.050957
0.036728
0.027604
0.021231
0.016678
0.013469
0.010911
0.009145
0.007769
0.006756
0.006044
0.005585
0.005271
0.005075
0.004965
0.004955
0.005014
0.005096
0.005190
0.005297
0.005438
0.005610
0.005849
0.006013
0.006117
0.006248
0.006399
0.006560
0.006724
0.006887
0.007044
0.007192
0.007328
0.007451
0.007559
0.007651
0.007725
0.007780
0.007816
0.007833
0.007831
0.007809
0.007768
0.007709
0.007630
0.007532
0.007417
0.007284
0.007134
0.006970
0.006793
0.006607
0.006409
0.006197
0.005976
0.005749
0.005517
0.005283
0.005046
0.004808
0.004570
0.004337
0.004108
0.003886
0.003672
0.003467
0.003277
0.003098
0.002913
0.002707
0.002699
0.002698
0.002793
0.002974
0.003026
0.004489
0.011579
0.012039
0.012478
0.012907
0.013359
0.013783
0.014210
0.014610
0.014909
0.015187
0.015450
0.015599
0.015779
0.015903
0.015877
0.015658
0.015491
0.011788
0.004978
0.000000
0.000000
0.000000
0.000000
0.084108
0.000000
0.000000
-0.006750
0.062179
0.000000
0.000000
0.003295
0.000412
0.046124
0.000000
0.000000
0.004194
-0.001740
0.013080
0.036260
0.000000
0.000000
0.003760
-0.002003
0.008317
0.016852
0.029959
0.000000
0.000000
0.003236
-0.002266
0.001053
0.015790
0.017372
0.025696
0.000000
0.000000
0.002786
-0.002531
-0.002981
0.010687
0.018143
0.016795
0.022601
0.000000
0.000000
0.002429
-0.002711
-0.004748
0.002732
0.016780
0.018444
0.015959
0.020333
0.000000
0.000000
0.002142
-0.002823
-0.005604
-0.002724
0.011510
0.018824
0.017955
0.015076
0.018548
0.000000
0.000000
0.001945
-0.002889
-0.006051
-0.005558
0.003812
0.016991
0.019104
0.017186
0.014257
0.017221
0.000000
0.000000
0.001769
-0.002933
-0.006236
-0.007022
-0.002075
0.011740
0.019040
0.018727
0.016427
0.013535
0.016137
0.000000
0.000000
0.001615
-0.002927
-0.006313
-0.007812
-0.005534
0.004562
0.016809
0.019462
0.018106
0.015688
0.012921
0.015254
0.000000
0.000000
0.001481
-0.002913
-0.006315
-0.008236
-0.007491
-0.001315
0.011690
0.018941
0.019213
0.017418
0.015019
0.012389
0.014544
0.000000
0.000000
0.001366
-0.002906
-0.006305
-0.008434
-0.008614
-0.005098
0.005080
0.016400
0.019534
0.018721
0.016769
0.014409
0.011931
0.013998
0.000000
0.000000
0.001244
-0.002886
-0.006245
-0.008529
-0.009279
-0.007407
-0.000576
0.011484
0.018610
0.019445
0.018136
0.016148
0.013902
0.011561
0.013546
0.000000
0.000000
0.001118
-0.002888
-0.006181
-0.008551
-0.009667
-0.008821
-0.004489
0.005420
0.015861
0.019374
0.019070
0.017549
0.015602
0.013471
0.011245
0.013193
0.000000
0.000000
0.000981
-0.002902
-0.006129
-0.008548
-0.009880
-0.009700
-0.007021
0.000072
0.011180
0.018113
0.019447
0.018600
0.017011
0.015116
0.013100
0.010983
0.012904
0.000000
0.000000
0.000834
-0.002932
-0.006083
-0.008504
-0.009998
-0.010260
-0.008661
-0.003842
0.005611
0.015241
0.019029
0.019203
0.018099
0.016508
0.014707
0.012790
0.010764
0.012675
0.000000
0.000000
0.002388
-0.002978
-0.006050
-0.008454
-0.010045
-0.010614
-0.009737
-0.006514
0.000588
0.010800
0.017494
0.019241
0.018819
0.017609
0.016069
0.014357
0.012530
0.010585
0.012503
0.000000
0.000000
0.005094
-0.001298
-0.006036
-0.008405
-0.010053
-0.010832
-0.010452
-0.008316
-0.003249
0.005669
0.014563
0.018520
0.019108
0.018391
0.017163
0.015690
0.014062
0.012314
0.010440
0.012373
0.000000
0.000000
0.007469
0.001390
-0.004272
-0.008371
-0.010045
-0.010968
-0.010933
-0.009543
-0.005979
0.000972
0.010360
0.016784
0.018858
0.018819
0.017969
0.016766
0.015363
0.013813
0.012139
0.010327
0.012269
0.000000
0.000000
0.009542
0.003758
-0.001637
-0.006567
-0.010033
-0.011055
-0.011263
-0.010392
-0.007886
-0.002736
0.005623
0.013850
0.017897
0.018839
0.018471
0.017572
0.016411
0.015080
0.013605
0.011994
0.010225
0.012185
0.000000
0.000000
0.011345
0.005839
0.000690
-0.004023
-0.008241
-0.011115
-0.011496
-0.010991
-0.009226
-0.005466
0.001243
0.009883
0.016023
0.018349
0.018645
0.018109
0.017204
0.016093
0.014832
0.013426
0.011864
0.010145
0.012123
0.000000
0.000000
0.012898
0.007647
0.002743
-0.001766
-0.005840
-0.009382
-0.011663
-0.011422
-0.010182
-0.007430
-0.002307
0.005502
0.013125
0.017203
0.018438
0.018373
0.017756
0.016869
0.015810
0.014610
0.013270
0.011756
0.010065
0.012061
0.000000
0.000000
0.014286
0.009231
0.004531
0.000212
-0.003690
-0.007135
-0.010026
-0.011735
-0.010873
-0.008846
-0.004994
0.001423
0.009388
0.015243
0.017757
0.018339
0.018077
0.017433
0.016578
0.015572
0.014428
0.013128
0.011666
0.010023
0.012077
0.000000
0.000000
0.015473
0.010622
0.006105
0.001963
-0.001783
-0.005109
-0.007965
-0.010240
-0.011381
-0.009876
-0.006977
-0.001953
0.005330
0.012413
0.016477
0.017954
0.018156
0.017794
0.017153
0.016341
0.015387
0.014292
0.013043
0.011620
0.010003
0.012054
0.000000
0.000000
0.016494
0.011820
0.007477
0.003499
-0.000097
-0.003302
-0.006089
-0.008396
-0.010080
-0.010636
-0.008436
-0.004572
0.001530
0.008897
0.014478
0.017130
0.017960
0.017946
0.017540
0.016922
0.016153
0.015248
0.014198
0.012983
0.011580
0.009967
0.012016
0.000000
0.000000
0.017374
0.012856
0.008668
0.004839
0.001382
-0.001701
-0.004403
-0.006693
-0.008488
-0.009593
-0.009520
-0.006549
-0.001673
0.005128
0.011735
0.015759
0.017433
0.017870
0.017738
0.017321
0.016732
0.016005
0.015140
0.014122
0.012928
0.011536
0.009931
0.011983
0.000000
0.000000
0.018133
0.013752
0.009700
0.006005
0.002675
-0.000293
-0.002903
-0.005147
-0.006982
-0.008291
-0.008811
-0.008033
-0.004213
0.001577
0.008424
0.013750
0.016498
0.017536
0.017739
0.017544
0.017135
0.016576
0.015884
0.015050
0.014056
0.012877
0.011494
0.009898
0.011956
0.000000
0.000000
0.018786
0.014526
0.010595
0.007018
0.003803
0.000942
-0.001577
-0.003760
-0.005590
-0.007004
-0.007843
-0.007751
-0.006169
-0.001465
0.004907
0.011104
0.015067
0.016893
0.017528
0.017593
0.017371
0.016975
0.016445
0.015782
0.014973
0.013996
0.012830
0.011457
0.009869
0.011933
0.000000
0.000000
0.019347
0.015193
0.011369
0.007897
0.004784
0.002020
-0.000411
-0.002526
-0.004326
-0.005782
-0.006803
-0.007169
-0.006415
-0.003923
0.001571
0.007978
0.013074
0.015878
0.017080
0.017464
0.017449
0.017217
0.016839
0.016334
0.015696
0.014906
0.013944
0.012789
0.011424
0.009844
0.011916
0.000000
0.000000
0.019829
0.015769
0.012038
0.008659
0.005637
0.002961
0.000610
-0.001435
-0.003191
-0.004650
-0.005767
-0.006410
-0.006284
-0.004800
-0.001328
0.004674
0.010528
0.014418
0.016350
0.017143
0.017371
0.017312
0.017082
0.016723
0.016240
0.015622
0.014849
0.013899
0.012754
0.011397
0.009824
0.011903
0.000000
0.000000
0.020241
0.016263
0.012615
0.009319
0.006377
0.003779
0.001503
-0.000476
-0.002181
-0.003621
-0.004777
-0.005579
-0.005845
-0.005192
-0.002907
0.001519
0.007563
0.012458
0.015284
0.016606
0.017134
0.017266
0.017186
0.016964
0.016623
0.016159
0.015558
0.014800
0.013862
0.012725
0.011375
0.009807
0.011892
0.000000
0.000000
0.020594
0.016688
0.013113
0.009888
0.007018
0.004490
0.002281
0.000364
-0.001288
-0.002695
-0.003858
-0.004743
-0.005244
-0.005121
-0.003888
-0.000759
0.004433
0.010008
0.013819
0.015817
0.016726
0.017084
0.017160
0.017071
0.016860
0.016536
0.016090
0.015505
0.014759
0.013830
0.012701
0.011357
0.009793
0.011884
0.000000
0.000000
0.020894
0.017051
0.013540
0.010379
0.007572
0.005105
0.002957
0.001097
-0.000503
-0.001871
-0.003019
-0.003939
-0.004575
-0.004780
-0.004240
-0.002371
0.001571
0.007179
0.011905
0.014726
0.016127
0.016762
0.017012
0.017057
0.016968
0.016770
0.016462
0.016032
0.015461
0.014725
0.013805
0.012682
0.011343
0.009782
0.011878
0.000000
0.000000
0.021148
0.017360
0.013905
0.010801
0.008050
0.005638
0.003543
0.001736
0.000184
-0.001143
-0.002265
-0.003190
-0.003895
-0.004295
-0.004196
-0.003199
-0.000655
0.003947
0.009544
0.013275
0.015303
0.016290
0.016746
0.016930
0.016959
0.016876
0.016692
0.016400
0.015984
0.015424
0.014698
0.013786
0.012668
0.011332
0.009774
0.011873
0.000000
0.000000
0.021363
0.017623
0.014217
0.011163
0.008460
0.006097
0.004050
0.002289
0.000782
-0.000503
-0.001594
-0.002507
-0.003238
-0.003747
-0.003918
-0.003494
-0.001993
0.001214
0.006190
0.011412
0.014207
0.015649
0.016357
0.016699
0.016845
0.016869
0.016795
0.016625
0.016348
0.015944
0.015395
0.014677
0.013770
0.012657
0.011324
0.009768
0.011869
0.000000
0.000000
0.021543
0.017844
0.014482
0.011471
0.008812
0.006491
0.004487
0.002768
0.001302
0.000056
-0.001001
-0.001892
-0.002626
-0.003189
-0.003515
-0.003451
-0.002670
-0.000626
0.003139
0.008125
0.012783
0.014809
0.015840
0.016365
0.016635
0.016761
0.016788
0.016725
0.016569
0.016304
0.015912
0.015372
0.014661
0.013759
0.012649
0.011318
0.009763
0.011865
0.000000
0.000000
0.021692
0.018030
0.014705
0.011732
0.009111
0.006829
0.004862
0.003181
0.001752
0.000542
-0.000482
-0.001346
-0.002068
-0.002649
-0.003060
-0.003211
-0.002897
-0.001717
0.000873
0.004976
0.009650
0.013725
0.015175
0.015928
0.016336
0.016564
0.016682
0.016715
0.016665
0.016521
0.016269
0.015887
0.015355
0.014650
0.013751
0.012643
0.011314
0.009760
0.011862
0.000000
0.000000
0.021816
0.018185
0.014892
0.011952
0.009365
0.007116
0.005182
0.003534
0.002139
0.000962
-0.000030
-0.000866
-0.001568
-0.002148
-0.002597
-0.002869
-0.002842
-0.002251
-0.000633
0.002434
0.006578
0.010751
0.014336
0.015380
0.015950
0.016285
0.016490
0.016609
0.016652
0.016614
0.016483
0.016241
0.015868
0.015342
0.014642
0.013746
0.012640
0.011312
0.009759
0.011859
0.000000
0.000000
0.021916
0.018311
0.015047
0.012136
0.009578
0.007359
0.005454
0.003836
0.002470
0.001323
0.000360
-0.000447
-0.001126
-0.001692
-0.002152
-0.002486
-0.002626
-0.002409
-0.001504
0.000567
0.003943
0.007844
0.011484
0.014707
0.015478
0.015931
0.016223
0.016420
0.016544
0.016597
0.016571
0.016452
0.016219
0.015854
0.015334
0.014637
0.013744
0.012639
0.011312
0.009758
0.011856
0.000000
0.000000
0.021996
0.018414
0.015173
0.012288
0.009755
0.007562
0.005684
0.004092
0.002752
0.001631
0.000696
-0.000085
-0.000739
-0.001287
-0.001741
-0.002099
-0.002328
-0.002335
-0.001907
-0.000649
0.001835
0.005267
0.008752
0.011933
0.014913
0.015506
0.015888
0.016158
0.016354
0.016487
0.016552
0.016537
0.016428
0.016204
0.015845
0.015329
0.014635
0.013744
0.012640
0.011313
0.009759
0.011853
0.000000
0.000000
0.022058
0.018495
0.015275
0.012411
0.009901
0.007730
0.005875
0.004306
0.002990
0.001893
0.000982
0.000225
-0.000405
-0.000931
-0.001371
-0.001732
-0.002003
-0.002134
-0.001999
-0.001327
0.000310
0.003075
0.006310
0.009343
0.012180
0.015009
0.015491
0.015833
0.016095
0.016296
0.016439
0.016515
0.016511
0.016410
0.016193
0.015839
0.015327
0.014635
0.013745
0.012642
0.011314
0.009761
0.011851
0.000000
0.000000
0.022105
0.018557
0.015354
0.012509
0.010018
0.007868
0.006033
0.004485
0.003190
0.002114
0.001224
0.000490
-0.000118
-0.000623
-0.001045
-0.001398
-0.001681
-0.001874
-0.001908
-0.001614
-0.000658
0.001338
0.004167
0.007044
0.009691
0.012291
0.015037
0.015454
0.015776
0.016038
0.016247
0.016400
0.016487
0.016492
0.016399
0.016187
0.015837
0.015327
0.014637
0.013748
0.012645
0.011318
0.009764
0.011851
0.000000
0.000000
0.022139
0.018602
0.015413
0.012584
0.010110
0.007977
0.006161
0.004631
0.003354
0.002297
0.001427
0.000712
0.000125
-0.000360
-0.000763
-0.001100
-0.001381
-0.001599
-0.001720
-0.001651
-0.001169
0.000103
0.002355
0.005016
0.007507
0.009871
0.012320
0.015026
0.015407
0.015722
0.015989
0.016207
0.016370
0.016466
0.016479
0.016392
0.016185
0.015838
0.015330
0.014641
0.013752
0.012649
0.011322
0.009769
0.011852
0.000000
0.000000
0.022162
0.018634
0.015456
0.012639
0.010179
0.008062
0.006261
0.004747
0.003487
0.002447
0.001594
0.000898
0.000329
-0.000137
-0.000522
-0.000843
-0.001112
-0.001333
-0.001495
-0.001547
-0.001359
-0.000652
0.000934
0.003250
0.005599
0.007767
0.009943
0.012302
0.014995
0.015360
0.015676
0.015949
0.016177
0.016350
0.016453
0.016473
0.016390
0.016186
0.015841
0.015335
0.014646
0.013757
0.012654
0.011328
0.009776
0.011856
0.000000
0.000000
0.022175
0.018652
0.015482
0.012676
0.010228
0.008124
0.006337
0.004838
0.003593
0.002568
0.001731
0.001050
0.000497
0.000048
-0.000319
-0.000623
-0.000878
-0.001092
-0.001266
-0.001376
-0.001354
-0.001024
-0.000054
0.001765
0.003935
0.005953
0.007893
0.009954
0.012263
0.014959
0.015318
0.015639
0.015921
0.016157
0.016337
0.016447
0.016471
0.016392
0.016190
0.015846
0.015340
0.014652
0.013764
0.012661
0.011336
0.009785
0.011863
0.000000
0.000000
0.022179
0.018660
0.015495
0.012696
0.010258
0.008165
0.006391
0.004905
0.003673
0.002662
0.001839
0.001172
0.000634
0.000200
-0.000152
-0.000439
-0.000679
-0.000881
-0.001052
-0.001185
-0.001247
-0.001140
-0.000633
0.000611
0.002494
0.004391
0.006144
0.007940
0.009935
0.012219
0.014925
0.015286
0.015612
0.015902
0.016146
0.016332
0.016446
0.016473
0.016396
0.016196
0.015853
0.015347
0.014659
0.013772
0.012670
0.011346
0.009797
0.011875
0.000000
0.000000
0.022177
0.018657
0.015495
0.012702
0.010271
0.008187
0.006424
0.004949
0.003730
0.002732
0.001921
0.001267
0.000743
0.000322
-0.000015
-0.000289
-0.000513
-0.000702
-0.000864
-0.001000
-0.001098
-0.001109
-0.000896
-0.000172
0.001285
0.003041
0.004659
0.006233
0.007944
0.009904
0.012178
0.014900
0.015264
0.015597
0.015893
0.016142
0.016332
0.016450
0.016479
0.016403
0.016203
0.015860
0.015355
0.014667
0.013781
0.012681
0.011359
0.009813
0.011891
0.000000
0.000000
0.022168
0.018646
0.015484
0.012693
0.010268
0.008192
0.006437
0.004973
0.003765
0.002779
0.001980
0.001338
0.000826
0.000418
0.000093
-0.000168
-0.000379
-0.000554
-0.000704
-0.000834
-0.000942
-0.001008
-0.000959
-0.000610
0.000352
0.001875
0.003397
0.004801
0.006267
0.007931
0.009876
0.012148
0.014884
0.015253
0.015592
0.015893
0.016146
0.016339
0.016458
0.016488
0.016412
0.016212
0.015869
0.015364
0.014678
0.013793
0.012695
0.011375
0.009832
0.011914
0.000000
0.000000
0.022153
0.018626
0.015461
0.012671
0.010250
0.008179
0.006433
0.004978
0.003780
0.002805
0.002017
0.001387
0.000885
0.000489
0.000175
-0.000073
-0.000272
-0.000435
-0.000572
-0.000692
-0.000798
-0.000884
-0.000915
-0.000791
-0.000265
0.000894
0.002312
0.003602
0.004869
0.006274
0.007916
0.009855
0.012130
0.014881
0.015254
0.015596
0.015900
0.016155
0.016349
0.016469
0.016498
0.016422
0.016221
0.015879
0.015374
0.014689
0.013806
0.012711
0.011395
0.009855
0.011945
0.000000
0.000000
0.022133
0.018597
0.015428
0.012637
0.010217
0.008151
0.006411
0.004964
0.003776
0.002810
0.002033
0.001414
0.000923
0.000537
0.000235
-0.000003
-0.000191
-0.000342
-0.000468
-0.000576
-0.000674
-0.000762
-0.000827
-0.000820
-0.000592
0.000141
0.001372
0.002591
0.003711
0.004900
0.006274
0.007906
0.009846
0.012126
0.014889
0.015264
0.015609
0.015915
0.016170
0.016364
0.016482
0.016510
0.016433
0.016232
0.015890
0.015386
0.014703
0.013823
0.012731
0.011418
0.009883
0.011984
0.000000
0.000000
0.022106
0.018560
0.015384
0.012589
0.010169
0.008106
0.006371
0.004932
0.003752
0.002796
0.002029
0.001420
0.000940
0.000565
0.000273
0.000045
-0.000132
-0.000273
-0.000387
-0.000485
-0.000573
-0.000655
-0.000729
-0.000774
-0.000715
-0.000346
0.000574
0.001724
0.002753
0.003770
0.004916
0.006276
0.007907
0.009850
0.012135
0.014908
0.015285
0.015630
0.015935
0.016189
0.016381
0.016497
0.016524
0.016445
0.016244
0.015902
0.015400
0.014719
0.013842
0.012754
0.011447
0.009917
0.012034
0.000000
0.000000
0.022074
0.018514
0.015329
0.012528
0.010106
0.008044
0.006314
0.004881
0.003709
0.002762
0.002006
0.001407
0.000938
0.000573
0.000291
0.000073
-0.000094
-0.000225
-0.000330
-0.000417
-0.000495
-0.000568
-0.000640
-0.000703
-0.000725
-0.000591
-0.000040
0.000963
0.001948
0.002845
0.003806
0.004932
0.006287
0.007919
0.009866
0.012156
0.014938
0.015314
0.015658
0.015960
0.016211
0.016400
0.016514
0.016538
0.016458
0.016256
0.015915
0.015415
0.014737
0.013864
0.012782
0.011481
0.009957
0.012096
0.000000
0.000000
0.022034
0.018458
0.015261
0.012452
0.010027
0.007965
0.006237
0.004810
0.003647
0.002709
0.001962
0.001374
0.000915
0.000561
0.000289
0.000082
-0.000076
-0.000197
-0.000292
-0.000370
-0.000437
-0.000501
-0.000566
-0.000631
-0.000685
-0.000675
-0.000428
0.000305
0.001252
0.002083
0.002904
0.003835
0.004953
0.006308
0.007944
0.009895
0.012188
0.014977
0.015351
0.015691
0.015990
0.016237
0.016422
0.016532
0.016554
0.016472
0.016270
0.015929
0.015431
0.014757
0.013890
0.012814
0.011520
0.010004
0.012173
0.000000
0.000000
0.021985
0.018390
0.015178
0.012360
0.009930
0.007867
0.006142
0.004720
0.003563
0.002635
0.001898
0.001320
0.000873
0.000529
0.000268
0.000071
-0.000076
-0.000188
-0.000274
-0.000342
-0.000400
-0.000455
-0.000510
-0.000570
-0.000632
-0.000676
-0.000615
-0.000208
0.000627
0.001442
0.002169
0.002948
0.003867
0.004982
0.006340
0.007980
0.009935
0.012231
0.015026
0.015394
0.015730
0.016023
0.016265
0.016445
0.016551
0.016569
0.016486
0.016283
0.015943
0.015449
0.014780
0.013919
0.012852
0.011567
0.010060
0.012268
0.000000
0.000000
0.021925
0.018308
0.015080
0.012250
0.009813
0.007748
0.006025
0.004607
0.003458
0.002538
0.001812
0.001245
0.000809
0.000477
0.000227
0.000042
-0.000096
-0.000197
-0.000273
-0.000332
-0.000381
-0.000426
-0.000473
-0.000525
-0.000584
-0.000646
-0.000674
-0.000527
0.000066
0.000875
0.001564
0.002232
0.002991
0.003904
0.005021
0.006383
0.008028
0.009986
0.012283
0.015083
0.015445
0.015773
0.016059
0.016295
0.016469
0.016570
0.016585
0.016499
0.016296
0.015958
0.015468
0.014805
0.013953
0.012895
0.011621
0.010125
0.012383
0.000000
0.000000
0.021851
0.018209
0.014962
0.012119
0.009674
0.007606
0.005884
0.004471
0.003329
0.002418
0.001703
0.001147
0.000723
0.000403
0.000166
-0.000008
-0.000135
-0.000225
-0.000291
-0.000341
-0.000380
-0.000416
-0.000454
-0.000497
-0.000549
-0.000612
-0.000675
-0.000674
-0.000384
0.000345
0.001047
0.001651
0.002288
0.003037
0.003950
0.005071
0.006437
0.008085
0.010047
0.012344
0.015147
0.015501
0.015820
0.016099
0.016326
0.016493
0.016589
0.016599
0.016511
0.016308
0.015973
0.015487
0.014832
0.013990
0.012944
0.011683
0.010199
0.012521
0.000000
0.000000
0.021758
0.018089
0.014820
0.011963
0.009509
0.007437
0.005716
0.004308
0.003173
0.002272
0.001568
0.001025
0.000613
0.000306
0.000082
-0.000080
-0.000194
-0.000273
-0.000328
-0.000367
-0.000397
-0.000424
-0.000452
-0.000485
-0.000529
-0.000587
-0.000657
-0.000721
-0.000662
-0.000165
0.000577
0.001171
0.001724
0.002344
0.003090
0.004005
0.005130
0.006501
0.008153
0.010116
0.012413
0.015219
0.015562
0.015872
0.016140
0.016359
0.016517
0.016606
0.016612
0.016521
0.016318
0.015986
0.015507
0.014861
0.014031
0.012999
0.011753
0.010284
0.012687
0.000000
0.000000
0.021642
0.017943
0.014651
0.011777
0.009314
0.007239
0.005518
0.004115
0.002988
0.002097
0.001404
0.000875
0.000477
0.000184
-0.000027
-0.000174
-0.000275
-0.000342
-0.000385
-0.000413
-0.000432
-0.000449
-0.000467
-0.000491
-0.000526
-0.000574
-0.000641
-0.000724
-0.000785
-0.000598
0.000106
0.000758
0.001272
0.001796
0.002407
0.003152
0.004071
0.005201
0.006577
0.008232
0.010196
0.012490
0.015300
0.015630
0.015927
0.016183
0.016391
0.016540
0.016621
0.016621
0.016527
0.016325
0.015997
0.015526
0.014892
0.014076
0.013061
0.011831
0.010379
0.012885
0.000000
0.000000
0.021496
0.017764
0.014447
0.011557
0.009084
0.007004
0.005286
0.003888
0.002770
0.001890
0.001210
0.000694
0.000311
0.000034
-0.000162
-0.000295
-0.000381
-0.000433
-0.000463
-0.000479
-0.000486
-0.000492
-0.000500
-0.000514
-0.000538
-0.000576
-0.000633
-0.000714
-0.000817
-0.000864
-0.000406
0.000382
0.000914
0.001373
0.001877
0.002481
0.003227
0.004150
0.005284
0.006664
0.008322
0.010285
0.012576
0.015389
0.015704
0.015985
0.016227
0.016422
0.016560
0.016631
0.016625
0.016529
0.016327
0.016005
0.015543
0.014922
0.014124
0.013128
0.011919
0.010486
0.013120
0.000000
0.000000
0.021311
0.017543
0.014201
0.011293
0.008811
0.006729
0.005013
0.003622
0.002514
0.001646
0.000981
0.000480
0.000113
-0.000148
-0.000326
-0.000443
-0.000513
-0.000550
-0.000565
-0.000566
-0.000561
-0.000554
-0.000550
-0.000553
-0.000565
-0.000590
-0.000633
-0.000700
-0.000801
-0.000941
-0.000923
0.000007
0.000660
0.001079
0.001493
0.001979
0.002577
0.003322
0.004248
0.005385
0.006768
0.008427
0.010388
0.012673
0.015489
0.015784
0.016047
0.016272
0.016450
0.016575
0.016636
0.016622
0.016523
0.016323
0.016007
0.015556
0.014952
0.014173
0.013199
0.012014
0.010604
0.013401
0.000000
0.000000
0.021077
0.017271
0.013902
0.010978
0.008488
0.006405
0.004693
0.003311
0.002214
0.001362
0.000712
0.000229
-0.000120
-0.000363
-0.000523
-0.000621
-0.000673
-0.000693
-0.000692
-0.000677
-0.000657
-0.000636
-0.000617
-0.000606
-0.000603
-0.000612
-0.000636
-0.000677
-0.000743
-0.000851
-0.001058
-0.000492
0.000639
0.000984
0.001292
0.001658
0.002120
0.002707
0.003449
0.004373
0.005511
0.006894
0.008551
0.010507
0.012784
0.015601
0.015872
0.016112
0.016316
0.016476
0.016584
0.016632
0.016611
0.016508
0.016310
0.016002
0.015565
0.014978
0.014222
0.013274
0.012116
0.010733
0.013735
0.000000
0.000000
0.020781
0.016935
0.013540
0.010601
0.008104
0.006023
0.004318
0.002948
0.001866
0.001031
0.000399
-0.000064
-0.000393
-0.000615
-0.000755
-0.000833
-0.000865
-0.000865
-0.000845
-0.000812
-0.000774
-0.000735
-0.000699
-0.000669
-0.000647
-0.000632
-0.000624
-0.000620
-0.000613
-0.000583
-0.000459
0.000320
0.001411
0.001332
0.001412
0.001604
0.001906
0.002331
0.002896
0.003625
0.004542
0.005674
0.007052
0.008702
0.010649
0.012914
0.015731
0.015971
0.016183
0.016360
0.016497
0.016586
0.016620
0.016588
0.016482
0.016286
0.015986
0.015564
0.014999
0.014268
0.013350
0.012223
0.010871
0.014129
0.000000
0.000000
0.020405
0.016520
0.013099
0.010148
0.007649
0.005573
0.003880
0.002525
0.001463
0.000648
0.000038
-0.000402
-0.000708
-0.000907
-0.001024
-0.001078
-0.001088
-0.001066
-0.001023
-0.000969
-0.000908
-0.000847
-0.000788
-0.000732
-0.000679
-0.000626
-0.000565
-0.000481
-0.000344
-0.000105
0.000297
0.000859
0.001425
0.001791
0.001924
0.001972
0.002073
0.002293
0.002656
0.003180
0.003880
0.004776
0.005893
0.007257
0.008893
0.010825
0.013070
0.015884
0.016085
0.016261
0.016406
0.016515
0.016580
0.016596
0.016553
0.016441
0.016247
0.015957
0.015551
0.015008
0.014306
0.013421
0.012330
0.011015
0.014594
0.000000
0.000000
0.019931
0.016006
0.012563
0.009604
0.007108
0.005044
0.003368
0.002034
0.000996
0.000206
-0.000376
-0.000790
-0.001069
-0.001240
-0.001330
-0.001358
-0.001341
-0.001293
-0.001224
-0.001142
-0.001053
-0.000962
-0.000869
-0.000773
-0.000671
-0.000551
-0.000397
-0.000178
0.000134
0.000533
0.000940
0.001285
0.001576
0.001854
0.002143
0.002415
0.002604
0.002722
0.002876
0.003158
0.003611
0.004257
0.005112
0.006197
0.007533
0.009143
0.011048
0.013265
0.016070
0.016220
0.016351
0.016455
0.016529
0.016565
0.016559
0.016501
0.016382
0.016189
0.015908
0.015519
0.015001
0.014330
0.013481
0.012431
0.011159
0.015137
0.000000
0.000000
0.019334
0.015372
0.011912
0.008951
0.006466
0.004421
0.002770
0.001465
0.000457
-0.000300
-0.000850
-0.001231
-0.001477
-0.001616
-0.001674
-0.001670
-0.001621
-0.001540
-0.001437
-0.001319
-0.001192
-0.001056
-0.000911
-0.000751
-0.000565
-0.000333
-0.000029
0.000364
0.000812
0.001219
0.001522
0.001739
0.001920
0.002102
0.002316
0.002580
0.002897
0.003224
0.003481
0.003668
0.003890
0.004254
0.004814
0.005598
0.006624
0.007911
0.009477
0.011341
0.013515
0.016303
0.016387
0.016459
0.016512
0.016542
0.016542
0.016507
0.016430
0.016301
0.016107
0.015834
0.015462
0.014969
0.014331
0.013522
0.012517
0.011294
0.015766
0.000000
0.000000
0.018588
0.014593
0.011122
0.008168
0.005704
0.003688
0.002073
0.000806
-0.000161
-0.000878
-0.001387
-0.001728
-0.001933
-0.002033
-0.002051
-0.002007
-0.001917
-0.001794
-0.001645
-0.001478
-0.001293
-0.001091
-0.000863
-0.000598
-0.000274
0.000129
0.000619
0.001142
0.001595
0.001912
0.002115
0.002259
0.002385
0.002518
0.002676
0.002873
0.003128
0.003454
0.003847
0.004251
0.004585
0.004849
0.005153
0.005613
0.006294
0.007228
0.008436
0.009932
0.011731
0.013843
0.016602
0.016599
0.016595
0.016583
0.016556
0.016511
0.016440
0.016337
0.016193
0.015994
0.015726
0.015369
0.014901
0.014297
0.013531
0.012576
0.011406
0.016483
0.000000
0.000000
0.017663
0.013640
0.010168
0.007233
0.004802
0.002829
0.001262
0.000047
-0.000869
-0.001534
-0.001991
-0.002281
-0.002437
-0.002486
-0.002453
-0.002357
-0.002213
-0.002031
-0.001818
-0.001578
-0.001307
-0.000999
-0.000640
-0.000209
0.000313
0.000918
0.001541
0.002069
0.002430
0.002646
0.002779
0.002877
0.002971
0.003076
0.003203
0.003359
0.003556
0.003808
0.004133
0.004545
0.005029
0.005521
0.005939
0.006291
0.006690
0.007257
0.008069
0.009160
0.010552
0.012255
0.014279
0.016989
0.016875
0.016773
0.016677
0.016579
0.016475
0.016358
0.016221
0.016053
0.015843
0.015576
0.015231
0.014787
0.014217
0.013495
0.012591
0.011478
0.017285
0.000000
0.000000
0.016530
0.012488
0.009026
0.006124
0.003742
0.001827
0.000324
-0.000824
-0.001673
-0.002272
-0.002664
-0.002890
-0.002981
-0.002965
-0.002866
-0.002699
-0.002480
-0.002215
-0.001908
-0.001556
-0.001153
-0.000681
-0.000123
0.000535
0.001278
0.002025
0.002654
0.003086
0.003337
0.003474
0.003558
0.003625
0.003697
0.003783
0.003891
0.004023
0.004186
0.004389
0.004643
0.004967
0.005380
0.005889
0.006471
0.007053
0.007560
0.008007
0.008511
0.009195
0.010142
0.011391
0.012961
0.014861
0.017498
0.017239
0.017012
0.016807
0.016619
0.016439
0.016262
0.016078
0.015878
0.015649
0.015375
0.015038
0.014614
0.014078
0.013399
0.012548
0.011491
0.018158
0.000000
0.000000
0.015155
0.011106
0.007669
0.004818
0.002503
0.000666
-0.000755
-0.001818
-0.002581
-0.003095
-0.003405
-0.003548
-0.003555
-0.003454
-0.003263
-0.003000
-0.002673
-0.002286
-0.001837
-0.001319
-0.000714
-0.000007
0.000812
0.001714
0.002609
0.003366
0.003895
0.004205
0.004365
0.004444
0.004491
0.004534
0.004588
0.004660
0.004753
0.004869
0.005012
0.005185
0.005396
0.005656
0.005980
0.006387
0.006895
0.007506
0.008186
0.008858
0.009455
0.010002
0.010615
0.011418
0.012498
0.013898
0.015635
0.018167
0.017724
0.017336
0.016994
0.016689
0.016413
0.016157
0.015911
0.015665
0.015405
0.015117
0.014780
0.014373
0.013868
0.013231
0.012431
0.011430
0.019074
0.000000
0.000000
0.013501
0.009460
0.006071
0.003293
0.001067
-0.000670
-0.001985
-0.002942
-0.003597
-0.004005
-0.004208
-0.004243
-0.004141
-0.003924
-0.003609
-0.003208
-0.002725
-0.002159
-0.001500
-0.000736
0.000148
0.001154
0.002241
0.003310
0.004220
0.004873
0.005267
0.005470
0.005559
0.005596
0.005615
0.005638
0.005676
0.005734
0.005813
0.005916
0.006044
0.006197
0.006381
0.006602
0.006868
0.007193
0.007594
0.008090
0.008697
0.009407
0.010179
0.010935
0.011620
0.012265
0.012986
0.013905
0.015110
0.016648
0.019043
0.018371
0.017781
0.017264
0.016811
0.016410
0.016051
0.015723
0.015414
0.015110
0.014796
0.014451
0.014052
0.013569
0.012970
0.012214
0.011254
0.019944
0.000000
0.000000
0.011616
0.007567
0.004213
0.001527
-0.000583
-0.002194
-0.003377
-0.004200
-0.004722
-0.004995
-0.005061
-0.004957
-0.004708
-0.004333
-0.003844
-0.003246
-0.002538
-0.001712
-0.000755
0.000341
0.001567
0.002872
0.004142
0.005231
0.006034
0.006539
0.006808
0.006926
0.006963
0.006965
0.006962
0.006968
0.006991
0.007034
0.007101
0.007191
0.007304
0.007442
0.007606
0.007800
0.008028
0.008299
0.008625
0.009019
0.009501
0.010087
0.010787
0.011588
0.012440
0.013271
0.014037
0.014775
0.015596
0.016621
0.017941
0.020174
0.019230
0.018391
0.017655
0.017012
0.016450
0.015958
0.015522
0.015128
0.014761
0.014406
0.014040
0.013640
0.013176
0.012611
0.011902
0.010995
0.020811
0.000000
0.000000
0.009421
0.005384
0.002106
-0.000492
-0.002460
-0.003916
-0.004937
-0.005594
-0.005949
-0.006052
-0.005944
-0.005656
-0.005209
-0.004616
-0.003882
-0.003005
-0.001977
-0.000788
0.000563
0.002053
0.003614
0.005119
0.006416
0.007394
0.008033
0.008392
0.008559
0.008612
0.008609
0.008585
0.008562
0.008552
0.008561
0.008591
0.008644
0.008720
0.008820
0.008942
0.009089
0.009262
0.009463
0.009697
0.009971
0.010295
0.010682
0.011146
0.011705
0.012374
0.013156
0.014030
0.014948
0.015842
0.016681
0.017504
0.018420
0.019547
0.021605
0.020361
0.019224
0.018214
0.017331
0.016563
0.015899
0.015321
0.014814
0.014362
0.013947
0.013546
0.013137
0.012689
0.012165
0.011516
0.010636
0.021564
0.000000
0.000000
0.006921
0.002887
-0.000313
-0.002764
-0.004570
-0.005839
-0.006663
-0.007117
-0.007265
-0.007154
-0.006820
-0.006288
-0.005573
-0.004677
-0.003599
-0.002329
-0.000862
0.000797
0.002606
0.004475
0.006257
0.007792
0.008968
0.009764
0.010235
0.010471
0.010558
0.010562
0.010527
0.010481
0.010442
0.010417
0.010413
0.010430
0.010470
0.010533
0.010617
0.010724
0.010854
0.011006
0.011184
0.011389
0.011626
0.011900
0.012220
0.012595
0.013039
0.013567
0.014194
0.014931
0.015776
0.016706
0.017675
0.018626
0.019535
0.020447
0.021456
0.023367
0.021821
0.020347
0.019006
0.017822
0.016792
0.015905
0.015144
0.014489
0.013923
0.013424
0.012973
0.012547
0.012116
0.011636
0.011029
0.010211
0.022274
0.000000
0.000000
0.005983
0.002015
-0.001112
-0.003477
-0.005205
-0.006368
-0.007080
-0.007416
-0.007434
-0.007181
-0.006687
-0.005971
-0.005041
-0.003895
-0.002528
-0.000940
0.000851
0.002788
0.004763
0.006622
0.008209
0.009429
0.010269
0.010783
0.011054
0.011163
0.011175
0.011134
0.011074
0.011011
0.010959
0.010922
0.010904
0.010905
0.010926
0.010966
0.011024
0.011100
0.011194
0.011306
0.011437
0.011587
0.011758
0.011954
0.012179
0.012439
0.012740
0.013094
0.013512
0.014007
0.014594
0.015283
0.016076
0.016964
0.017918
0.018911
0.019931
0.021004
0.022951
0.021578
0.020148
0.018788
0.017569
0.016521
0.015651
0.014951
0.014407
0.014002
0.013716
0.013525
0.013399
0.013295
0.013141
0.012855
0.012365
0.031324
0.000000
0.000000
0.004436
0.000695
-0.002217
-0.004382
-0.005915
-0.006915
-0.007471
-0.007653
-0.007512
-0.007085
-0.006395
-0.005452
-0.004254
-0.002799
-0.001090
0.000844
0.002930
0.005036
0.006993
0.008646
0.009912
0.010790
0.011340
0.011642
0.011775
0.011800
0.011763
0.011696
0.011619
0.011547
0.011487
0.011442
0.011415
0.011406
0.011414
0.011439
0.011480
0.011536
0.011607
0.011692
0.011792
0.011907
0.012039
0.012189
0.012358
0.012551
0.012771
0.013025
0.013318
0.013661
0.014063
0.014539
0.015099
0.015757
0.016521
0.017392
0.018366
0.019427
0.020563
0.022578
0.021467
0.020132
0.018750
0.017455
0.016324
0.015394
0.014672
0.014149
0.013806
0.013620
0.013555
0.013568
0.013589
0.013535
0.013336
0.012915
0.034883
0.000000
0.000000
0.004115
0.000360
-0.002564
-0.004719
-0.006204
-0.007139
-0.007603
-0.007669
-0.007385
-0.006781
-0.005870
-0.004655
-0.003135
-0.001314
0.000770
0.003022
0.005285
0.007363
0.009097
0.010411
0.011321
0.011896
0.012222
0.012375
0.012415
0.012387
0.012320
0.012238
0.012154
0.012077
0.012013
0.011964
0.011932
0.011916
0.011915
0.011928
0.011956
0.011996
0.012049
0.012114
0.012190
0.012279
0.012381
0.012497
0.012627
0.012773
0.012939
0.013126
0.013339
0.013583
0.013865
0.014192
0.014574
0.015021
0.015546
0.016163
0.016887
0.017734
0.018710
0.019813
0.021834
0.021102
0.019997
0.018690
0.017368
0.016173
0.015189
0.014451
0.013959
0.013696
0.013629
0.013712
0.013880
0.014051
0.014168
0.014116
0.013854
0.040764
0.000000
0.000000
0.002997
-0.000568
-0.003318
-0.005316
-0.006648
-0.007430
-0.007739
-0.007636
-0.007155
-0.006314
-0.005112
-0.003546
-0.001620
0.000622
0.003066
0.005518
0.007749
0.009581
0.010947
0.011882
0.012472
0.012809
0.012972
0.013022
0.013000
0.012937
0.012853
0.012763
0.012675
0.012596
0.012530
0.012479
0.012443
0.012422
0.012415
0.012420
0.012438
0.012467
0.012506
0.012555
0.012614
0.012684
0.012764
0.012855
0.012958
0.013075
0.013205
0.013351
0.013515
0.013701
0.013912
0.014152
0.014427
0.014741
0.015101
0.015518
0.016002
0.016569
0.017240
0.018035
0.018975
0.020850
0.020503
0.019720
0.018587
0.017293
0.016041
0.014984
0.014199
0.013708
0.013491
0.013504
0.013681
0.013936
0.014148
0.014299
0.014403
0.013539
0.037907
0.000000
0.000000
0.002596
-0.001013
-0.003780
-0.005761
-0.007028
-0.007696
-0.007851
-0.007548
-0.006816
-0.005658
-0.004067
-0.002042
0.000373
0.003042
0.005727
0.008149
0.010101
0.011523
0.012474
0.013063
0.013396
0.013557
0.013606
0.013585
0.013524
0.013440
0.013347
0.013253
0.013166
0.013089
0.013024
0.012972
0.012935
0.012911
0.012899
0.012898
0.012908
0.012927
0.012955
0.012990
0.013034
0.013085
0.013145
0.013214
0.013292
0.013380
0.013479
0.013589
0.013712
0.013851
0.014007
0.014184
0.014384
0.014609
0.014865
0.015154
0.015483
0.015857
0.016290
0.016800
0.017414
0.018169
0.019834
0.019818
0.019417
0.018584
0.017417
0.016131
0.014947
0.014020
0.013413
0.013123
0.013103
0.013277
0.013522
0.013799
0.014134
0.013699
0.013021
0.037396
0.000000
0.000000
0.001910
-0.001558
-0.004200
-0.006064
-0.007210
-0.007733
-0.007705
-0.007170
-0.006135
-0.004588
-0.002516
0.000042
0.002940
0.005886
0.008531
0.010625
0.012111
0.013076
0.013654
0.013972
0.014120
0.014161
0.014137
0.014073
0.013989
0.013895
0.013799
0.013707
0.013623
0.013549
0.013486
0.013436
0.013399
0.013373
0.013358
0.013353
0.013357
0.013370
0.013390
0.013416
0.013449
0.013489
0.013537
0.013592
0.013655
0.013726
0.013808
0.013899
0.014002
0.014118
0.014249
0.014397
0.014562
0.014748
0.014956
0.015188
0.015444
0.015724
0.016025
0.016349
0.016702
0.017097
0.017560
0.018795
0.018906
0.018757
0.018228
0.017289
0.016079
0.014850
0.013836
0.013166
0.012862
0.012838
0.013027
0.013406
0.013246
0.013009
0.012622
0.011979
0.034586
0.000000
0.000000
0.001591
-0.001944
-0.004605
-0.006440
-0.007492
-0.007850
-0.007580
-0.006711
-0.005234
-0.003129
-0.000420
0.002738
0.006000
0.008921
0.011186
0.012741
0.013709
0.014262
0.014545
0.014661
0.014678
0.014637
0.014564
0.014473
0.014376
0.014279
0.014186
0.014099
0.014021
0.013953
0.013896
0.013850
0.013814
0.013789
0.013773
0.013765
0.013765
0.013771
0.013784
0.013801
0.013823
0.013850
0.013882
0.013920
0.013964
0.014015
0.014073
0.014139
0.014214
0.014299
0.014397
0.014508
0.014633
0.014776
0.014938
0.015121
0.015324
0.015546
0.015782
0.016023
0.016265
0.016501
0.016733
0.016969
0.017825
0.017964
0.017971
0.017720
0.017093
0.016079
0.014855
0.013706
0.012862
0.012389
0.012273
0.012485
0.012380
0.012276
0.012147
0.011908
0.011444
0.034056
0.000000
0.000000
0.000321
-0.003026
-0.005492
-0.007113
-0.007924
-0.008001
-0.007364
-0.006007
-0.003899
-0.001042
0.002412
0.006056
0.009323
0.011807
0.013446
0.014414
0.014927
0.015161
0.015230
0.015205
0.015132
0.015035
0.014928
0.014819
0.014713
0.014613
0.014522
0.014439
0.014366
0.014303
0.014249
0.014206
0.014172
0.014147
0.014130
0.014120
0.014117
0.014119
0.014126
0.014136
0.014151
0.014169
0.014190
0.014216
0.014247
0.014282
0.014324
0.014371
0.014426
0.014489
0.014563
0.014647
0.014745
0.014857
0.014988
0.015139
0.015311
0.015504
0.015713
0.015930
0.016142
0.016336
0.016494
0.016602
0.016645
0.017134
0.017201
0.017201
0.017055
0.016644
0.015864
0.014742
0.013503
0.012443
0.011769
0.011570
0.011348
0.011221
0.011140
0.011055
0.010859
0.010436
0.031284
0.000000
0.000000
0.000024
-0.003395
-0.005877
-0.007411
-0.008054
-0.007828
-0.006733
-0.004732
-0.001800
0.001927
0.005980
0.009636
0.012364
0.014092
0.015053
0.015516
0.015688
0.015699
0.015627
0.015514
0.015385
0.015256
0.015134
0.015021
0.014917
0.014824
0.014742
0.014669
0.014606
0.014553
0.014508
0.014471
0.014443
0.014421
0.014406
0.014397
0.014392
0.014392
0.014394
0.014399
0.014406
0.014415
0.014425
0.014438
0.014454
0.014473
0.014496
0.014523
0.014556
0.014595
0.014642
0.014698
0.014764
0.014845
0.014942
0.015060
0.015200
0.015364
0.015552
0.015756
0.015968
0.016168
0.016337
0.016449
0.016471
0.016367
0.016536
0.016494
0.016403
0.016219
0.015877
0.015283
0.014366
0.013188
0.012021
0.011214
0.010690
0.010370
0.010211
0.010173
0.010176
0.010117
0.009879
0.030736
0.000000
0.000000
-0.001114
-0.004356
-0.006622
-0.007891
-0.008212
-0.007508
-0.005720
-0.002773
0.001236
0.005776
0.009921
0.012955
0.014799
0.015757
0.016165
0.016263
0.016201
0.016063
0.015895
0.015722
0.015556
0.015407
0.015274
0.015157
0.015054
0.014965
0.014887
0.014821
0.014764
0.014716
0.014677
0.014645
0.014619
0.014600
0.014586
0.014577
0.014571
0.014569
0.014569
0.014570
0.014572
0.014576
0.014580
0.014586
0.014593
0.014602
0.014613
0.014628
0.014646
0.014669
0.014698
0.014735
0.014781
0.014838
0.014912
0.015004
0.015120
0.015263
0.015434
0.015634
0.015856
0.016087
0.016307
0.016490
0.016600
0.016590
0.016397
0.016312
0.016159
0.015931
0.015603
0.015146
0.014515
0.013651
0.012545
0.011367
0.010524
0.009813
0.009342
0.009115
0.009080
0.009110
0.009102
0.008905
0.028015
0.000000
0.000000
-0.001297
-0.004659
-0.006895
-0.008013
-0.007953
-0.006605
-0.003840
0.000333
0.005350
0.010020
0.013379
0.015331
0.016278
0.016628
0.016653
0.016515
0.016306
0.016078
0.015858
0.015657
0.015479
0.015323
0.015194
0.015085
0.014994
0.014917
0.014854
0.014801
0.014758
0.014724
0.014696
0.014674
0.014657
0.014645
0.014636
0.014630
0.014626
0.014623
0.014621
0.014619
0.014617
0.014614
0.014611
0.014607
0.014603
0.014598
0.014595
0.014592
0.014591
0.014593
0.014600
0.014611
0.014630
0.014658
0.014699
0.014758
0.014839
0.014948
0.015087
0.015262
0.015473
0.015714
0.015972
0.016225
0.016440
0.016573
0.016564
0.016323
0.016050
0.015805
0.015446
0.014952
0.014309
0.013497
0.012531
0.011442
0.010798
0.009989
0.009157
0.008527
0.008201
0.008131
0.008215
0.008327
0.008307
0.027441
0.000000
0.000000
-0.002262
-0.005440
-0.007421
-0.008167
-0.007465
-0.005075
-0.000841
0.004710
0.010049
0.013822
0.015910
0.016849
0.017140
0.017091
0.016876
0.016588
0.016284
0.015994
0.015736
0.015513
0.015324
0.015165
0.015037
0.014932
0.014847
0.014776
0.014719
0.014673
0.014637
0.014608
0.014586
0.014569
0.014556
0.014547
0.014541
0.014536
0.014533
0.014531
0.014528
0.014525
0.014521
0.014516
0.014509
0.014501
0.014492
0.014483
0.014472
0.014462
0.014452
0.014444
0.014438
0.014436
0.014438
0.014449
0.014470
0.014507
0.014563
0.014644
0.014757
0.014907
0.015100
0.015337
0.015617
0.015926
0.016242
0.016526
0.016726
0.016767
0.016525
0.016124
0.015807
0.015329
0.014666
0.013788
0.012715
0.011468
0.010818
0.010177
0.009443
0.008577
0.007774
0.007269
0.007104
0.007189
0.007338
0.007366
0.024792
0.000000
0.000000
-0.002264
-0.005592
-0.007520
-0.007813
-0.006146
-0.002170
0.003774
0.009790
0.013963
0.016146
0.017050
0.017269
0.017144
0.016861
0.016514
0.016152
0.015803
0.015487
0.015218
0.014998
0.014821
0.014678
0.014563
0.014476
0.014409
0.014358
0.014320
0.014292
0.014273
0.014260
0.014253
0.014250
0.014249
0.014250
0.014252
0.014254
0.014255
0.014256
0.014254
0.014251
0.014244
0.014235
0.014223
0.014208
0.014190
0.014169
0.014146
0.014121
0.014095
0.014068
0.014042
0.014016
0.013993
0.013975
0.013965
0.013967
0.013986
0.014026
0.014095
0.014198
0.014344
0.014540
0.014791
0.015100
0.015455
0.015835
0.016197
0.016478
0.016586
0.016364
0.015877
0.015507
0.014933
0.014107
0.013045
0.011752
0.010946
0.010182
0.009475
0.008802
0.008067
0.007241
0.006561
0.006256
0.006295
0.006515
0.006691
0.024097
0.000000
0.000000
-0.002995
-0.006172
-0.007708
-0.007114
-0.003727
0.002543
0.009439
0.014156
0.016469
0.017333
0.017472
0.017266
0.016898
0.016474
0.016049
0.015644
0.015270
0.014937
0.014656
0.014431
0.014255
0.014119
0.014011
0.013933
0.013875
0.013831
0.013800
0.013778
0.013764
0.013756
0.013753
0.013754
0.013757
0.013761
0.013766
0.013770
0.013774
0.013776
0.013776
0.013773
0.013767
0.013758
0.013745
0.013729
0.013710
0.013688
0.013663
0.013636
0.013606
0.013574
0.013542
0.013509
0.013477
0.013447
0.013423
0.013409
0.013407
0.013423
0.013462
0.013531
0.013638
0.013793
0.014004
0.014282
0.014631
0.015050
0.015517
0.015988
0.016392
0.016600
0.016413
0.015863
0.015445
0.014757
0.013808
0.012580
0.011710
0.010825
0.009940
0.009088
0.008295
0.007547
0.006766
0.005959
0.005419
0.005323
0.005524
0.005733
0.021554
0.000000
0.000000
-0.002861
-0.006292
-0.007359
-0.005202
0.000925
0.008647
0.013879
0.016247
0.017019
0.017040
0.016721
0.016272
0.015777
0.015288
0.014844
0.014451
0.014103
0.013798
0.013539
0.013336
0.013187
0.013083
0.013010
0.012955
0.012922
0.012904
0.012897
0.012899
0.012907
0.012920
0.012937
0.012956
0.012975
0.012994
0.013011
0.013026
0.013038
0.013046
0.013050
0.013049
0.013044
0.013033
0.013016
0.012995
0.012968
0.012936
0.012900
0.012858
0.012813
0.012764
0.012713
0.012658
0.012602
0.012545
0.012491
0.012443
0.012404
0.012378
0.012370
0.012385
0.012432
0.012518
0.012653
0.012850
0.013123
0.013483
0.013936
0.014468
0.015040
0.015567
0.015882
0.015711
0.015089
0.014592
0.013839
0.012833
0.012092
0.011312
0.010485
0.009628
0.008761
0.007893
0.007060
0.006284
0.005519
0.004815
0.004507
0.004637
0.004939
0.020724
0.000000
0.000000
-0.005870
-0.008371
-0.007448
-0.001212
0.008199
0.014405
0.016913
0.017539
0.017345
0.016829
0.016182
0.015517
0.014904
0.014337
0.013855
0.013447
0.013099
0.012806
0.012561
0.012356
0.012203
0.012095
0.012025
0.011973
0.011940
0.011921
0.011912
0.011911
0.011917
0.011929
0.011945
0.011963
0.011982
0.012001
0.012019
0.012035
0.012048
0.012058
0.012064
0.012065
0.012061
0.012051
0.012037
0.012016
0.011990
0.011959
0.011921
0.011879
0.011832
0.011780
0.011724
0.011664
0.011601
0.011535
0.011468
0.011403
0.011342
0.011288
0.011244
0.011213
0.011201
0.011213
0.011258
0.011344
0.011483
0.011692
0.011989
0.012391
0.012902
0.013508
0.014116
0.014544
0.014492
0.014190
0.013863
0.013284
0.012429
0.011790
0.011108
0.010378
0.009607
0.008765
0.007868
0.006949
0.006032
0.005159
0.004335
0.003700
0.003597
0.003878
0.018299
0.000000
0.000000
-0.006091
-0.008441
-0.004149
0.006417
0.013580
0.016204
0.016680
0.016292
0.015561
0.014740
0.013971
0.013241
0.012611
0.012071
0.011642
0.011299
0.011027
0.010809
0.010642
0.010513
0.010416
0.010344
0.010325
0.010324
0.010322
0.010334
0.010356
0.010387
0.010424
0.010465
0.010508
0.010552
0.010595
0.010636
0.010673
0.010705
0.010733
0.010754
0.010768
0.010775
0.010775
0.010766
0.010750
0.010725
0.010693
0.010652
0.010603
0.010547
0.010484
0.010414
0.010338
0.010257
0.010170
0.010077
0.009982
0.009886
0.009791
0.009700
0.009615
0.009538
0.009473
0.009425
0.009400
0.009404
0.009447
0.009540
0.009701
0.009953
0.010321
0.010840
0.011520
0.012260
0.012793
0.012683
0.012280
0.011954
0.011423
0.011044
0.010632
0.010187
0.009697
0.009134
0.008479
0.007752
0.006913
0.005992
0.005014
0.004020
0.003136
0.002676
0.002886
0.017282
0.000000
0.000000
-0.008007
-0.008218
0.003543
0.012643
0.015790
0.016314
0.015739
0.014773
0.013771
0.012808
0.011965
0.011220
0.010623
0.010144
0.009750
0.009451
0.009221
0.009044
0.008914
0.008820
0.008750
0.008717
0.008701
0.008716
0.008723
0.008738
0.008761
0.008791
0.008828
0.008869
0.008912
0.008956
0.009000
0.009041
0.009079
0.009112
0.009141
0.009164
0.009181
0.009191
0.009194
0.009190
0.009178
0.009158
0.009131
0.009096
0.009054
0.009005
0.008948
0.008885
0.008817
0.008743
0.008663
0.008578
0.008490
0.008399
0.008309
0.008219
0.008133
0.008053
0.007980
0.007917
0.007869
0.007840
0.007836
0.007865
0.007936
0.008065
0.008273
0.008597
0.009105
0.009822
0.010629
0.011310
0.011094
0.010562
0.010255
0.010038
0.009807
0.009561
0.009280
0.008961
0.008591
0.008146
0.007598
0.006939
0.006164
0.005207
0.004111
0.002912
0.001817
0.001542
0.015204
0.000000
0.000000
-0.015395
-0.002622
0.011128
0.014975
0.015204
0.014132
0.012717
0.011291
0.010046
0.008976
0.008128
0.007473
0.006956
0.006586
0.006303
0.006105
0.005983
0.005921
0.005893
0.005892
0.005904
0.005953
0.006012
0.006117
0.006212
0.006265
0.006333
0.006415
0.006504
0.006597
0.006691
0.006783
0.006871
0.006954
0.007030
0.007097
0.007155
0.007202
0.007239
0.007264
0.007277
0.007277
0.007266
0.007242
0.007206
0.007157
0.007097
0.007024
0.006941
0.006846
0.006742
0.006629
0.006509
0.006381
0.006244
0.006102
0.005956
0.005808
0.005659
0.005510
0.005363
0.005220
0.005083
0.004955
0.004838
0.004736
0.004654
0.004598
0.004577
0.004602
0.004707
0.004990
0.005466
0.006169
0.006982
0.006903
0.006876
0.006933
0.007018
0.007092
0.007142
0.007170
0.007175
0.007118
0.006994
0.006779
0.006465
0.005981
0.005307
0.004419
0.003223
0.001679
0.000043
0.013626
0.000000
0.000000
0.053276
0.051133
0.039058
0.028998
0.022149
0.017401
0.013937
0.011266
0.009309
0.007863
0.006728
0.005927
0.005356
0.004975
0.004717
0.004550
0.004471
0.004475
0.004516
0.004579
0.004651
0.004751
0.004882
0.005024
0.005238
0.005326
0.005430
0.005553
0.005688
0.005828
0.005970
0.006108
0.006240
0.006364
0.006478
0.006580
0.006668
0.006741
0.006800
0.006842
0.006867
0.006876
0.006868
0.006842
0.006800
0.006741
0.006665
0.006573
0.006465
0.006342
0.006204
0.006055
0.005895
0.005727
0.005545
0.005354
0.005157
0.004955
0.004751
0.004545
0.004340
0.004135
0.003934
0.003740
0.003553
0.003376
0.003212
0.003064
0.002936
0.002825
0.002731
0.002716
0.002893
0.003172
0.003742
0.004797
0.006225
0.008262
0.008622
0.008990
0.009338
0.009687
0.010040
0.010369
0.010682
0.010947
0.011153
0.011326
0.011413
0.011486
0.011466
0.011371
0.011197
0.011086
0.011553
0.000000
0.000000
0.000000
0.000000
0.000000
0.000000
0.000000
0.000000
0.000000
0.000000
0.000000
0.000000
0.000000
0.000000
0.000000
0.000000
0.000000
0.000000
0.000000
0.000000
0.000000
0.000000
0.000000
0.000000
0.000000
0.000000
0.000000
0.000000
0.000000
0.000000
0.000000
0.000000
0.000000
0.000000
0.000000
0.000000
0.000000
0.000000
0.000000
0.000000
0.000000
0.000000
0.000000
0.000000
0.000000
0.000000
0.000000
0.000000
0.000000
0.000000
0.000000
0.000000
0.000000
0.000000
0.000000
0.000000
0.000000
0.000000
0.000000
0.000000
0.000000
0.000000
0.000000
0.000000
0.000000
0.000000
0.000000
0.000000
0.000000
0.000000
0.000000
0.000000
0.000000
0.000000
0.000000
0.000000
0.000000
0.000000
0.000000
0.000000
0.000000
0.000000
0.000000
0.000000
0.000000
0.000000
0.000000
0.000000
0.000000
0.000000
0.000000
0.000000
0.000000
0.000000
0.000000
0.000000
0.000000
0.000000
0.000000
