0.004978
-0.002450
0.002467
0.065091
0.101858
0.061673
0.057511
0.073742
0.072759
0.056471
0.047685
0.053910
0.057849
0.053734
0.047283
0.038327
0.042773
0.046599
0.046546
0.042567
0.037938
0.031880
0.036150
0.037925
0.039025
0.037847
0.035897
0.031467
0.026790
0.029629
0.032497
0.034680
0.034622
0.032325
0.029346
0.026385
0.024855
0.026197
0.028782
0.028866
0.029653
0.028772
0.028568
0.025876
0.024367
0.020370
0.022064
0.024987
0.026876
0.027353
0.027261
0.026630
0.024700
0.021733
0.019974
0.019189
0.019174
0.019708
0.022123
0.024771
0.025885
0.024542
0.021858
0.019497
0.018903
0.018759
0.016493
0.018115
0.018482
0.019421
0.021277
0.023085
0.022965
0.021023
0.019170
0.018137
0.017552
0.015819
0.014279
0.015539
0.016841
0.018505
0.019640
0.021173
0.021527
0.020941
0.019306
0.018061
0.016213
0.014814
0.013526
0.013280
0.014044
0.015002
0.016835
0.018728
0.019959
0.020313
0.020178
0.019600
0.018241
0.016210
0.014288
0.013275
0.012479
0.013069
0.013428
0.014109
0.015328
0.016866
0.018391
0.019041
0.018665
0.018798
0.017994
0.016343
0.014642
0.013339
0.012607
0.012211
0.012720
0.013105
0.013546
0.014305
0.015363
0.016968
0.018004
0.017636
0.017528
0.017691
0.016519
0.014785
0.013615
0.012768
0.012276
0.011900
0.012298
0.012656
0.013319
0.013803
0.014551
0.015232
0.016585
0.016957
0.016633
0.016783
0.016274
0.014821
0.013991
0.013123
0.012555
0.011903
0.011578
0.011874
0.012090
0.012817
0.013360
0.013926
0.014009
0.014732
0.015534
0.015597
0.015530
0.015348
0.014455
0.013615
0.013368
0.012694
0.012117
0.011424
0.011227
0.011705
0.011671
0.012067
0.012596
0.013216
0.013255
0.013183
0.013537
0.013877
0.014005
0.013787
0.013372
0.012931
0.012853
0.012668
0.011990
0.011457
0.011065
0.011096
0.012113
0.011558
0.011520
0.011620
0.012427
0.012561
0.012240
0.011985
0.012027
0.012424
0.012391
0.011938
0.011834
0.011991
0.012166
0.011931
0.011122
0.010993
0.011001
0.011510
0.012675
0.012199
0.011676
0.011195
0.011504
0.011708
0.011717
0.011346
0.010843
0.011073
0.011423
0.011029
0.010755
0.011190
0.011469
0.011372
0.011112
0.010764
0.011198
0.011688
0.012106
0.012767
0.012443
0.012113
0.011292
0.011004
0.011126
0.011367
0.011325
0.010578
0.010252
0.010654
0.010638
0.010203
0.010478
0.011152
0.011133
0.010857
0.010700
0.010928
0.011671
0.011955
0.012185
0.012887
0.012528
0.012228
0.011484
0.011016
0.010748
0.010923
0.011262
0.010812
0.010120
0.010082
0.010250
0.010059
0.010057
0.010689
0.011086
0.010724
0.010523
0.010732
0.011130
0.011801
0.012043
0.012288
0.013025
0.012663
0.012369
0.011636
0.011098
0.010561
0.010406
0.010810
0.010843
0.010380
0.009958
0.009774
0.009768
0.009922
0.010295
0.010714
0.010665
0.010254
0.010370
0.010839
0.011305
0.011959
0.012182
0.012415
0.013149
0.012800
0.012515
0.011785
0.011206
0.010505
0.010013
0.010138
0.010332
0.010380
0.010161
0.009587
0.009234
0.009570
0.010106
0.010289
0.010234
0.010048
0.009908
0.010347
0.010976
0.011478
0.012119
0.012323
0.012538
0.013249
0.012920
0.012643
0.011918
0.011318
0.010532
0.009812
0.009573
0.009518
0.009773
0.010091
0.009705
0.008926
0.008917
0.009670
0.010031
0.009714
0.009477
0.009537
0.009745
0.010403
0.011113
0.011628
0.012260
0.012450
0.012645
0.013323
0.013016
0.012749
0.012025
0.011418
0.010591
0.009754
0.009251
0.008814
0.008835
0.009393
0.009553
0.008940
0.008490
0.008915
0.009515
0.009364
0.008832
0.008828
0.009252
0.009711
0.010480
0.011227
0.011748
0.012375
0.012556
0.012733
0.013375
0.013088
0.012829
0.012108
0.011496
0.010650
0.009762
0.009123
0.008399
0.008031
0.008362
0.008770
0.008707
0.008423
0.008407
0.008679
0.008761
0.008388
0.008080
0.008448
0.009143
0.009731
0.010549
0.011314
0.011839
0.012465
0.012640
0.012803
0.013409
0.013140
0.012888
0.012168
0.011556
0.010698
0.009790
0.009092
0.008219
0.007559
0.007494
0.007669
0.007856
0.008133
0.008289
0.008115
0.007855
0.007709
0.007567
0.007638
0.008282
0.009117
0.009760
0.010598
0.011377
0.011904
0.012532
0.012703
0.012858
0.013429
0.013174
0.012929
0.012211
0.011600
0.010734
0.009818
0.009096
0.008161
0.007353
0.006992
0.006759
0.006709
0.007241
0.007960
0.007957
0.007247
0.006751
0.006840
0.007089
0.007441
0.008223
0.009116
0.009783
0.010630
0.011418
0.011948
0.012579
0.012749
0.012899
0.013440
0.013195
0.012954
0.012239
0.011631
0.010761
0.009842
0.009110
0.008150
0.007286
0.006777
0.006239
0.005781
0.006077
0.007040
0.007587
0.007058
0.006122
0.005857
0.006340
0.006878
0.007368
0.008202
0.009118
0.009796
0.010648
0.011445
0.011977
0.012610
0.012782
0.012931
0.013445
0.013207
0.012970
0.012257
0.011653
0.010780
0.009861
0.009125
0.008154
0.007272
0.006708
0.006018
0.005258
0.005155
0.005869
0.006630
0.006650
0.005921
0.005230
0.005351
0.006120
0.006802
0.007342
0.008190
0.009118
0.009801
0.010656
0.011460
0.011993
0.012630
0.012804
0.012956
0.013446
0.013213
0.012978
0.012268
0.011669
0.010794
0.009878
0.009140
0.008163
0.007278
0.006697
0.005946
0.005041
0.004649
0.004957
0.005440
0.005653
0.005490
0.005035
0.004737
0.005133
0.006039
0.006775
0.007330
0.008181
0.009115
0.009802
0.010657
0.011467
0.012001
0.012642
0.012819
0.012974
0.013444
0.013215
0.012981
0.012274
0.011680
0.010804
0.009893
0.009154
0.008174
0.007290
0.006705
0.005933
0.004973
0.004447
0.004468
0.004526
0.004439
0.004467
0.004598
0.004556
0.004535
0.005057
0.006010
0.006765
0.007323
0.008172
0.009110
0.009800
0.010654
0.011470
0.012004
0.012647
0.012828
0.012988
0.013441
0.013215
0.012981
0.012277
0.011689
0.010812
0.009906
0.009169
0.008186
0.007304
0.006719
0.005938
0.004962
0.004394
0.004281
0.004038
0.003514
0.003237
0.003562
0.004118
0.004367
0.004472
0.005032
0.005998
0.006760
0.007317
0.008163
0.009104
0.009796
0.010648
0.011469
0.012004
0.012649
0.012834
0.012998
0.013436
0.013213
0.012980
0.012279
0.011696
0.010818
0.009918
0.009182
0.008197
0.007320
0.006737
0.005950
0.004968
0.004394
0.004237
0.003849
0.003018
0.002307
0.002328
0.003075
0.003926
0.004314
0.004459
0.005022
0.005990
0.006757
0.007312
0.008154
0.009099
0.009791
0.010642
0.011467
0.012001
0.012648
0.012838
0.013005
0.013431
0.013211
0.012979
0.012279
0.011701
0.010823
0.009928
0.009195
0.008209
0.007336
0.006755
0.005963
0.004980
0.004410
0.004244
0.003800
0.002819
0.001810
0.001402
0.001840
0.002874
0.003868
0.004309
0.004462
0.005018
0.005985
0.006755
0.007308
0.008147
0.009093
0.009786
0.010635
0.011464
0.011997
0.012646
0.012839
0.013010
0.013425
0.013209
0.012977
0.012280
0.011706
0.010828
0.009938
0.009207
0.008220
0.007352
0.006773
0.005976
0.004992
0.004431
0.004266
0.003798
0.002755
0.001606
0.000912
0.000922
0.001637
0.002805
0.003855
0.004317
0.004468
0.005014
0.005980
0.006754
0.007305
0.008140
0.009088
0.009782
0.010627
0.011460
0.011993
0.012644
0.012840
0.013013
0.013420
0.013206
0.012976
0.012280
0.011710
0.010832
0.009948
0.009218
0.008231
0.007367
0.006791
0.005989
0.005005
0.004452
0.004290
0.003808
0.002737
0.001536
0.000713
0.000442
0.000727
0.001564
0.002779
0.003854
0.004328
0.004475
0.005012
0.005976
0.006753
0.007303
0.008133
0.009083
0.009777
0.010620
0.011456
0.011988
0.012641
0.012840
0.013014
0.013414
0.013204
0.012974
0.012281
0.011714
0.010836
0.009957
0.009229
0.008241
0.007382
0.006808
0.006002
0.005018
0.004473
0.004314
0.003820
0.002731
0.001510
0.000646
0.000252
0.000255
0.000659
0.001534
0.002765
0.003854
0.004338
0.004483
0.005010
0.005972
0.006753
0.007301
0.008127
0.009079
0.009773
0.010613
0.011452
0.011983
0.012638
0.012839
0.013015
0.013409
0.013201
0.012973
0.012281
0.011718
0.010840
0.009966
0.009239
0.008250
0.007396
0.006825
0.006014
0.005030
0.004494
0.004337
0.003832
0.002727
0.001496
0.000623
0.000191
0.000072
0.000195
0.000634
0.001516
0.002752
0.003854
0.004349
0.004490
0.005008
0.005968
0.006754
0.007299
0.008121
0.009075
0.009769
0.010607
0.011447
0.011979
0.012635
0.012837
0.013015
0.013405
0.013199
0.012972
0.012282
0.011721
0.010844
0.009974
0.009248
0.008259
0.007410
0.006841
0.006026
0.005041
0.004514
0.004360
0.003842
0.002722
0.001485
0.000611
0.000172
0.000016
0.000017
0.000176
0.000620
0.001500
0.002739
0.003854
0.004359
0.004498
0.005006
0.005965
0.006754
0.007298
0.008115
0.009071
0.009766
0.010600
0.011443
0.011974
0.012631
0.012836
0.013014
0.013401
0.013197
0.012971
0.012282
0.011724
0.010847
0.009982
0.009257
0.008267
0.007422
0.006855
0.006036
0.005052
0.004533
0.004381
0.003852
0.002717
0.001474
0.000602
0.000165
0.000001
-0.000037
0.000002
0.000169
0.000609
0.001484
0.002726
0.003852
0.004368
0.004505
0.005004
0.005961
0.006754
0.007297
0.008110
0.009066
0.009762
0.010594
0.011438
0.011969
0.012628
0.012834
0.013014
0.013398
0.013196
0.012970
0.012283
0.011728
0.010850
0.009989
0.009266
0.008274
0.007434
0.006869
0.006046
0.005063
0.004551
0.004401
0.003860
0.002711
0.001463
0.000593
0.000160
-0.000003
-0.000050
-0.000049
-0.000002
0.000163
0.000598
0.001469
0.002712
0.003850
0.004376
0.004511
0.005003
0.005958
0.006754
0.007295
0.008105
0.009062
0.009758
0.010588
0.011434
0.011965
0.012624
0.012832
0.013014
0.013395
0.013194
0.012970
0.012284
0.011731
0.010853
0.009996
0.009273
0.008282
0.007445
0.006882
0.006055
0.005073
0.004569
0.004420
0.003868
0.002705
0.001452
0.000585
0.000156
-0.000005
-0.000052
-0.000061
-0.000052
-0.000003
0.000159
0.000588
0.001453
0.002699
0.003847
0.004384
0.004518
0.005001
0.005955
0.006754
0.007294
0.008100
0.009058
0.009754
0.010581
0.011429
0.011961
0.012620
0.012830
0.013014
0.013394
0.013193
0.012969
0.012285
0.011734
0.010856
0.010001
0.009280
0.008288
0.007456
0.006894
0.006064
0.005082
0.004585
0.004438
0.003875
0.002699
0.001441
0.000577
0.000153
-0.000006
-0.000053
-0.000063
-0.000063
-0.000052
-0.000005
0.000154
0.000579
0.001439
0.002685
0.003844
0.004390
0.004523
0.004999
0.005951
0.006754
0.007292
0.008094
0.009054
0.009750
0.010575
0.011425
0.011956
0.012616
0.012829
0.013014
0.013392
0.013193
0.012968
0.012286
0.011737
0.010859
0.010007
0.009286
0.008294
0.007465
0.006906
0.006072
0.005090
0.004600
0.004454
0.003880
0.002692
0.001430
0.000569
0.000149
-0.000007
-0.000052
-0.000063
-0.000065
-0.000063
-0.000052
-0.000006
0.000150
0.000569
0.001425
0.002672
0.003840
0.004396
0.004528
0.004997
0.005948
0.006753
0.007290
0.008089
0.009049
0.009745
0.010569
0.011421
0.011952
0.012612
0.012827
0.013015
0.013392
0.013193
0.012968
0.012287
0.011740
0.010861
0.010012
0.009292
0.008300
0.007474
0.006916
0.006080
0.005098
0.004614
0.004469
0.003886
0.002686
0.001421
0.000562
0.000146
-0.000008
-0.000052
-0.000063
-0.000065
-0.000065
-0.000063
-0.000052
-0.000007
0.000146
0.000561
0.001411
0.002660
0.003836
0.004401
0.004532
0.004995
0.005944
0.006752
0.007287
0.008084
0.009044
0.009740
0.010563
0.011416
0.011948
0.012609
0.012826
0.013015
0.013391
0.013194
0.012969
0.012289
0.011743
0.010864
0.010016
0.009297
0.008305
0.007483
0.006926
0.006087
0.005106
0.004627
0.004483
0.003890
0.002681
0.001412
0.000555
0.000142
-0.000009
-0.000052
-0.000062
-0.000064
-0.000064
-0.000064
-0.000062
-0.000052
-0.000008
0.000143
0.000552
0.001399
0.002648
0.003832
0.004404
0.004535
0.004992
0.005940
0.006750
0.007285
0.008078
0.009038
0.009734
0.010558
0.011412
0.011943
0.012605
0.012825
0.013016
0.013392
0.013195
0.012970
0.012291
0.011746
0.010867
0.010020
0.009302
0.008311
0.007490
0.006934
0.006093
0.005113
0.004639
0.004495
0.003895
0.002676
0.001403
0.000549
0.000140
-0.000010
-0.000052
-0.000062
-0.000064
-0.000064
-0.000064
-0.000063
-0.000062
-0.000052
-0.000009
0.000140
0.000545
0.001387
0.002636
0.003827
0.004407
0.004537
0.004990
0.005936
0.006747
0.007281
0.008073
0.009032
0.009729
0.010552
0.011407
0.011939
0.012602
0.012823
0.013017
0.013393
0.013196
0.012972
0.012293
0.011749
0.010870
0.010024
0.009306
0.008315
0.007497
0.006942
0.006099
0.005119
0.004649
0.004506
0.003898
0.002671
0.001396
0.000544
0.000137
-0.000010
-0.000052
-0.000062
-0.000063
-0.000063
-0.000063
-0.000063
-0.000063
-0.000061
-0.000052
-0.000010
0.000137
0.000538
0.001376
0.002626
0.003822
0.004408
0.004538
0.004986
0.005932
0.006744
0.007277
0.008067
0.009026
0.009723
0.010546
0.011403
0.011936
0.012600
0.012823
0.013018
0.013394
0.013198
0.012975
0.012296
0.011752
0.010874
0.010027
0.009310
0.008320
0.007503
0.006949
0.006105
0.005124
0.004658
0.004516
0.003902
0.002667
0.001389
0.000539
0.000135
-0.000011
-0.000052
-0.000062
-0.000063
-0.000063
-0.000063
-0.000063
-0.000063
-0.000062
-0.000061
-0.000051
-0.000010
0.000134
0.000532
0.001367
0.002616
0.003817
0.004408
0.004538
0.004983
0.005927
0.006740
0.007273
0.008061
0.009020
0.009717
0.010540
0.011398
0.011932
0.012598
0.012822
0.013020
0.013397
0.013200
0.012978
0.012299
0.011755
0.010877
0.010031
0.009314
0.008324
0.007508
0.006955
0.006109
0.005129
0.004666
0.004524
0.003905
0.002664
0.001384
0.000535
0.000133
-0.000012
-0.000052
-0.000061
-0.000063
-0.000063
-0.000062
-0.000062
-0.000062
-0.000062
-0.000062
-0.000060
-0.000051
-0.000011
0.000132
0.000527
0.001358
0.002607
0.003813
0.004408
0.004537
0.004979
0.005922
0.006735
0.007267
0.008054
0.009013
0.009711
0.010535
0.011393
0.011928
0.012596
0.012821
0.013022
0.013399
0.013203
0.012982
0.012302
0.011758
0.010881
0.010034
0.009318
0.008327
0.007512
0.006959
0.006114
0.005134
0.004672
0.004531
0.003908
0.002662
0.001380
0.000531
0.000131
-0.000012
-0.000052
-0.000061
-0.000062
-0.000062
-0.000062
-0.000062
-0.000062
-0.000062
-0.000062
-0.000062
-0.000060
-0.000051
-0.000011
0.000130
0.000522
0.001351
0.002599
0.003808
0.004406
0.004535
0.004974
0.005916
0.006729
0.007261
0.008047
0.009006
0.009704
0.010529
0.011387
0.011925
0.012595
0.012821
0.013024
0.013403
0.013207
0.012986
0.012306
0.011761
0.010885
0.010038
0.009321
0.008331
0.007515
0.006963
0.006117
0.005138
0.004677
0.004537
0.003911
0.002661
0.001377
0.000529
0.000130
-0.000013
-0.000052
-0.000061
-0.000062
-0.000062
-0.000062
-0.000061
-0.000061
-0.000061
-0.000061
-0.000061
-0.000061
-0.000060
-0.000051
-0.000012
0.000128
0.000518
0.001345
0.002593
0.003803
0.004402
0.004531
0.004969
0.005910
0.006723
0.007254
0.008040
0.008999
0.009697
0.010523
0.011382
0.011922
0.012594
0.012821
0.013027
0.013407
0.013211
0.012991
0.012311
0.011765
0.010889
0.010041
0.009324
0.008334
0.007518
0.006966
0.006121
0.005141
0.004681
0.004541
0.003914
0.002661
0.001374
0.000527
0.000129
-0.000013
-0.000052
-0.000061
-0.000062
-0.000062
-0.000061
-0.000061
-0.000061
-0.000061
-0.000061
-0.000061
-0.000061
-0.000061
-0.000060
-0.000051
-0.000012
0.000127
0.000515
0.001340
0.002587
0.003798
0.004398
0.004526
0.004963
0.005903
0.006715
0.007245
0.008033
0.008992
0.009690
0.010517
0.011376
0.011918
0.012592
0.012820
0.013029
0.013412
0.013215
0.012997
0.012315
0.011768
0.010893
0.010044
0.009328
0.008337
0.007519
0.006967
0.006123
0.005143
0.004683
0.004544
0.003917
0.002662
0.001374
0.000526
0.000128
-0.000013
-0.000052
-0.000061
-0.000062
-0.000061
-0.000061
-0.000061
-0.000060
-0.000060
-0.000060
-0.000060
-0.000060
-0.000061
-0.000061
-0.000059
-0.000051
-0.000012
0.000126
0.000513
0.001336
0.002582
0.003793
0.004392
0.004520
0.004957
0.005896
0.006706
0.007236
0.008025
0.008984
0.009682
0.010511
0.011370
0.011914
0.012590
0.012820
0.013032
0.013417
0.013220
0.013002
0.012320
0.011772
0.010898
0.010047
0.009330
0.008340
0.007520
0.006968
0.006125
0.005145
0.004684
0.004546
0.003920
0.002663
0.001374
0.000525
0.000128
-0.000013
-0.000052
-0.000061
-0.000062
-0.000061
-0.000061
-0.000060
-0.000060
-0.000060
-0.000060
-0.000060
-0.000060
-0.000060
-0.000060
-0.000060
-0.000059
-0.000051
-0.000013
0.000125
0.000511
0.001334
0.002579
0.003788
0.004385
0.004512
0.004950
0.005888
0.006696
0.007226
0.008016
0.008975
0.009674
0.010505
0.011363
0.011910
0.012588
0.012819
0.013036
0.013424
0.013225
0.013008
0.012325
0.011776
0.010902
0.010050
0.009333
0.008342
0.007520
0.006968
0.006127
0.005146
0.004684
0.004546
0.003922
0.002666
0.001376
0.000526
0.000127
-0.000013
-0.000052
-0.000061
-0.000062
-0.000061
-0.000061
-0.000060
-0.000060
-0.000060
-0.000059
-0.000059
-0.000059
-0.000060
-0.000060
-0.000060
-0.000060
-0.000059
-0.000051
-0.000013
0.000125
0.000511
0.001332
0.002576
0.003782
0.004377
0.004503
0.004942
0.005880
0.006685
0.007216
0.008008
0.008966
0.009665
0.010498
0.011356
0.011905
0.012585
0.012818
0.013039
0.013430
0.013231
0.013014
0.012331
0.011780
0.010907
0.010052
0.009335
0.008345
0.007520
0.006967
0.006128
0.005147
0.004682
0.004545
0.003925
0.002670
0.001378
0.000527
0.000128
-0.000013
-0.000052
-0.000061
-0.000062
-0.000061
-0.000061
-0.000060
-0.000060
-0.000059
-0.000059
-0.000059
-0.000059
-0.000059
-0.000059
-0.000060
-0.000060
-0.000060
-0.000059
-0.000051
-0.000013
0.000124
0.000511
0.001332
0.002575
0.003777
0.004368
0.004493
0.004934
0.005871
0.006673
0.007204
0.007998
0.008955
0.009655
0.010491
0.011348
0.011900
0.012582
0.012816
0.013042
0.013437
0.013237
0.013020
0.012337
0.011784
0.010913
0.010054
0.009337
0.008347
0.007519
0.006965
0.006129
0.005147
0.004679
0.004543
0.003927
0.002675
0.001383
0.000529
0.000128
-0.000013
-0.000052
-0.000061
-0.000062
-0.000061
-0.000061
-0.000060
-0.000060
-0.000059
-0.000059
-0.000059
-0.000059
-0.000059
-0.000059
-0.000059
-0.000059
-0.000060
-0.000060
-0.000059
-0.000051
-0.000013
0.000125
0.000512
0.001334
0.002575
0.003772
0.004357
0.004482
0.004925
0.005861
0.006661
0.007192
0.007988
0.008944
0.009644
0.010483
0.011340
0.011894
0.012578
0.012813
0.013045
0.013445
0.013243
0.013027
0.012344
0.011789
0.010918
0.010056
0.009338
0.008349
0.007517
0.006963
0.006129
0.005147
0.004674
0.004539
0.003929
0.002681
0.001388
0.000532
0.000129
-0.000013
-0.000052
-0.000061
-0.000062
-0.000061
-0.000061
-0.000060
-0.000060
-0.000059
-0.000059
-0.000059
-0.000059
-0.000059
-0.000059
-0.000059
-0.000059
-0.000059
-0.000060
-0.000060
-0.000059
-0.000051
-0.000012
0.000125
0.000513
0.001336
0.002575
0.003767
0.004345
0.004469
0.004916
0.005851
0.006647
0.007179
0.007978
0.008932
0.009632
0.010474
0.011331
0.011888
0.012573
0.012810
0.013048
0.013452
0.013250
0.013035
0.012351
0.011794
0.010924
0.010058
0.009339
0.008351
0.007515
0.006960
0.006129
0.005146
0.004669
0.004534
0.003931
0.002688
0.001394
0.000535
0.000131
-0.000013
-0.000052
-0.000061
-0.000062
-0.000061
-0.000061
-0.000060
-0.000060
-0.000059
-0.000059
-0.000059
-0.000058
-0.000058
-0.000058
-0.000059
-0.000059
-0.000059
-0.000059
-0.000060
-0.000060
-0.000059
-0.000051
-0.000012
0.000126
0.000516
0.001339
0.002577
0.003761
0.004332
0.004455
0.004906
0.005841
0.006632
0.007165
0.007966
0.008919
0.009619
0.010464
0.011321
0.011880
0.012567
0.012805
0.013049
0.013458
0.013256
0.013043
0.012359
0.011800
0.010930
0.010059
0.009340
0.008352
0.007513
0.006956
0.006129
0.005144
0.004662
0.004528
0.003932
0.002696
0.001402
0.000539
0.000132
-0.000013
-0.000052
-0.000061
-0.000062
-0.000061
-0.000061
-0.000060
-0.000060
-0.000059
-0.000059
-0.000059
-0.000058
-0.000058
-0.000058
-0.000058
-0.000058
-0.000059
-0.000059
-0.000059
-0.000060
-0.000060
-0.000059
-0.000051
-0.000012
0.000128
0.000519
0.001344
0.002579
0.003755
0.004318
0.004441
0.004895
0.005830
0.006617
0.007150
0.007954
0.008905
0.009604
0.010454
0.011309
0.011872
0.012560
0.012799
0.013048
0.013464
0.013263
0.013052
0.012367
0.011806
0.010936
0.010061
0.009342
0.008354
0.007510
0.006952
0.006128
0.005142
0.004654
0.004521
0.003934
0.002704
0.001410
0.000544
0.000134
-0.000012
-0.000053
-0.000061
-0.000062
-0.000062
-0.000061
-0.000060
-0.000060
-0.000059
-0.000059
-0.000059
-0.000058
-0.000058
-0.000058
-0.000058
-0.000058
-0.000058
-0.000059
-0.000059
-0.000059
-0.000060
-0.000060
-0.000059
-0.000051
-0.000011
0.000129
0.000522
0.001349
0.002582
0.003749
0.004302
0.004425
0.004884
0.005818
0.006600
0.007134
0.007941
0.008890
0.009589
0.010442
0.011296
0.011862
0.012551
0.012790
0.013044
0.013467
0.013268
0.013061
0.012377
0.011812
0.010943
0.010064
0.009343
0.008356
0.007507
0.006947
0.006127
0.005140
0.004646
0.004512
0.003935
0.002713
0.001420
0.000550
0.000136
-0.000012
-0.000053
-0.000061
-0.000062
-0.000062
-0.000061
-0.000060
-0.000060
-0.000059
-0.000059
-0.000059
-0.000058
-0.000058
-0.000058
-0.000058
-0.000058
-0.000058
-0.000058
-0.000059
-0.000059
-0.000059
-0.000060
-0.000060
-0.000059
-0.000050
-0.000011
0.000131
0.000527
0.001356
0.002586
0.003743
0.004286
0.004408
0.004873
0.005806
0.006583
0.007117
0.007927
0.008873
0.009572
0.010428
0.011281
0.011850
0.012540
0.012778
0.013038
0.013469
0.013272
0.013070
0.012386
0.011818
0.010951
0.010066
0.009344
0.008358
0.007504
0.006942
0.006125
0.005138
0.004636
0.004502
0.003935
0.002723
0.001430
0.000556
0.000139
-0.000011
-0.000053
-0.000062
-0.000062
-0.000062
-0.000061
-0.000061
-0.000060
-0.000060
-0.000059
-0.000059
-0.000059
-0.000058
-0.000058
-0.000058
-0.000058
-0.000058
-0.000058
-0.000059
-0.000059
-0.000059
-0.000060
-0.000060
-0.000060
-0.000059
-0.000050
-0.000010
0.000133
0.000532
0.001363
0.002590
0.003736
0.004268
0.004390
0.004861
0.005793
0.006564
0.007099
0.007912
0.008855
0.009554
0.010413
0.011263
0.011835
0.012525
0.012762
0.013028
0.013467
0.013272
0.013076
0.012394
0.011824
0.010959
0.010069
0.009346
0.008360
0.007501
0.006936
0.006124
0.005135
0.004625
0.004491
0.003935
0.002733
0.001442
0.000563
0.000142
-0.000010
-0.000053
-0.000062
-0.000063
-0.000062
-0.000062
-0.000061
-0.000060
-0.000060
-0.000059
-0.000059
-0.000059
-0.000059
-0.000058
-0.000058
-0.000058
-0.000058
-0.000058
-0.000058
-0.000059
-0.000059
-0.000059
-0.000060
-0.000060
-0.000060
-0.000059
-0.000050
-0.000010
0.000136
0.000538
0.001372
0.002595
0.003729
0.004249
0.004371
0.004848
0.005779
0.006545
0.007080
0.007895
0.008836
0.009534
0.010396
0.011243
0.011817
0.012506
0.012740
0.013012
0.013458
0.013266
0.013078
0.012400
0.011830
0.010968
0.010073
0.009347
0.008362
0.007497
0.006930
0.006122
0.005131
0.004613
0.004479
0.003934
0.002744
0.001454
0.000571
0.000145
-0.000009
-0.000053
-0.000062
-0.000063
-0.000063
-0.000062
-0.000061
-0.000061
-0.000060
-0.000060
-0.000059
-0.000059
-0.000059
-0.000059
-0.000058
-0.000058
-0.000058
-0.000058
-0.000058
-0.000059
-0.000059
-0.000059
-0.000060
-0.000060
-0.000060
-0.000061
-0.000059
-0.000050
-0.000009
0.000139
0.000544
0.001381
0.002600
0.003721
0.004229
0.004351
0.004835
0.005765
0.006524
0.007060
0.007878
0.008815
0.009513
0.010377
0.011219
0.011794
0.012480
0.012710
0.012988
0.013440
0.013251
0.013072
0.012402
0.011833
0.010975
0.010077
0.009349
0.008364
0.007494
0.006924
0.006119
0.005128
0.004601
0.004465
0.003933
0.002754
0.001467
0.000579
0.000148
-0.000009
-0.000053
-0.000062
-0.000064
-0.000063
-0.000062
-0.000062
-0.000061
-0.000061
-0.000060
-0.000060
-0.000059
-0.000059
-0.000059
-0.000059
-0.000059
-0.000059
-0.000059
-0.000059
-0.000059
-0.000059
-0.000059
-0.000059
-0.000060
-0.000060
-0.000061
-0.000061
-0.000060
-0.000050
-0.000008
0.000142
0.000551
0.001390
0.002605
0.003712
0.004208
0.004330
0.004821
0.005750
0.006503
0.007039
0.007859
0.008792
0.009488
0.010354
0.011190
0.011764
0.012445
0.012670
0.012955
0.013409
0.013224
0.013056
0.012398
0.011833
0.010981
0.010080
0.009352
0.008367
0.007491
0.006917
0.006116
0.005124
0.004588
0.004450
0.003930
0.002765
0.001480
0.000588
0.000152
-0.000008
-0.000053
-0.000063
-0.000064
-0.000064
-0.000063
-0.000062
-0.000062
-0.000061
-0.000061
-0.000060
-0.000060
-0.000059
-0.000059
-0.000059
-0.000059
-0.000059
-0.000059
-0.000059
-0.000059
-0.000059
-0.000059
-0.000059
-0.000060
-0.000060
-0.000061
-0.000061
-0.000061
-0.000060
-0.000050
-0.000007
0.000145
0.000558
0.001400
0.002610
0.003703
0.004185
0.004309
0.004807
0.005734
0.006481
0.007017
0.007839
0.008768
0.009462
0.010327
0.011156
0.011726
0.012399
0.012618
0.012907
0.013359
0.013178
0.013025
0.012382
0.011827
0.010984
0.010082
0.009354
0.008370
0.007488
0.006911
0.006114
0.005120
0.004575
0.004434
0.003927
0.002775
0.001493
0.000597
0.000156
-0.000007
-0.000053
-0.000063
-0.000064
-0.000064
-0.000063
-0.000063
-0.000062
-0.000062
-0.000061
-0.000061
-0.000060
-0.000060
-0.000060
-0.000059
-0.000059
-0.000059
-0.000059
-0.000059
-0.000059
-0.000059
-0.000059
-0.000060
-0.000060
-0.000060
-0.000061
-0.000061
-0.000061
-0.000062
-0.000060
-0.000050
-0.000006
0.000148
0.000566
0.001411
0.002615
0.003692
0.004162
0.004288
0.004793
0.005717
0.006458
0.006994
0.007818
0.008742
0.009432
0.010295
0.011114
0.011677
0.012338
0.012549
0.012841
0.013285
0.013110
0.012974
0.012351
0.011810
0.010982
0.010082
0.009356
0.008374
0.007486
0.006905
0.006111
0.005115
0.004560
0.004418
0.003922
0.002785
0.001507
0.000606
0.000160
-0.000005
-0.000053
-0.000064
-0.000065
-0.000065
-0.000064
-0.000063
-0.000063
-0.000062
-0.000062
-0.000061
-0.000061
-0.000060
-0.000060
-0.000060
-0.000060
-0.000060
-0.000059
-0.000059
-0.000059
-0.000060
-0.000060
-0.000060
-0.000060
-0.000060
-0.000061
-0.000061
-0.000061
-0.000062
-0.000062
-0.000061
-0.000050
-0.000005
0.000152
0.000574
0.001421
0.002620
0.003682
0.004139
0.004266
0.004778
0.005701
0.006435
0.006972
0.007797
0.008714
0.009400
0.010257
0.011062
0.011614
0.012260
0.012461
0.012755
0.013186
0.013015
0.012899
0.012299
0.011779
0.010970
0.010079
0.009358
0.008378
0.007485
0.006900
0.006108
0.005111
0.004546
0.004400
0.003916
0.002794
0.001521
0.000616
0.000165
-0.000004
-0.000053
-0.000064
-0.000066
-0.000065
-0.000065
-0.000064
-0.000063
-0.000063
-0.000062
-0.000062
-0.000061
-0.000061
-0.000061
-0.000060
-0.000060
-0.000060
-0.000060
-0.000060
-0.000060
-0.000060
-0.000060
-0.000060
-0.000060
-0.000060
-0.000061
-0.000061
-0.000061
-0.000062
-0.000062
-0.000062
-0.000061
-0.000050
-0.000004
0.000156
0.000582
0.001432
0.002624
0.003670
0.004115
0.004244
0.004764
0.005685
0.006413
0.006950
0.007775
0.008685
0.009364
0.010213
0.010999
0.011535
0.012164
0.012353
0.012645
0.013060
0.012894
0.012794
0.012221
0.011728
0.010947
0.010069
0.009358
0.008384
0.007487
0.006898
0.006108
0.005108
0.004533
0.004382
0.003909
0.002802
0.001535
0.000627
0.000170
-0.000003
-0.000053
-0.000064
-0.000066
-0.000065
-0.000065
-0.000064
-0.000064
-0.000063
-0.000063
-0.000062
-0.000062
-0.000061
-0.000061
-0.000061
-0.000061
-0.000060
-0.000060
-0.000060
-0.000060
-0.000060
-0.000060
-0.000060
-0.000060
-0.000061
-0.000061
-0.000061
-0.000061
-0.000062
-0.000062
-0.000062
-0.000063
-0.000061
-0.000050
-0.000002
0.000161
0.000591
0.001443
0.002628
0.003658
0.004091
0.004223
0.004751
0.005670
0.006393
0.006930
0.007756
0.008657
0.009324
0.010159
0.010923
0.011438
0.012049
0.012228
0.012515
0.012919
0.012750
0.012660
0.012112
0.011653
0.010907
0.010053
0.009357
0.008393
0.007494
0.006901
0.006113
0.005110
0.004523
0.004367
0.003904
0.002812
0.001551
0.000639
0.000177
0.000001
-0.000050
-0.000062
-0.000064
-0.000064
-0.000063
-0.000063
-0.000062
-0.000062
-0.000061
-0.000061
-0.000061
-0.000060
-0.000060
-0.000060
-0.000060
-0.000059
-0.000059
-0.000059
-0.000059
-0.000059
-0.000059
-0.000059
-0.000059
-0.000059
-0.000059
-0.000060
-0.000060
-0.000060
-0.000060
-0.000061
-0.000061
-0.000061
-0.000059
-0.000047
0.000002
0.000168
0.000602
0.001457
0.002635
0.003648
0.004071
0.004207
0.004743
0.005662
0.006380
0.006917
0.007741
0.008630
0.009282
0.010096
0.010831
0.011323
0.011918
0.012092
0.012375
0.012793
0.012603
0.012502
0.011971
0.011551
0.010850
0.010031
0.009362
0.008415
0.007517
0.006923
0.006135
0.005129
0.004529
0.004365
0.003911
0.002834
0.001579
0.000664
0.000196
0.000016
-0.000037
-0.000050
-0.000053
-0.000053
-0.000053
-0.000053
-0.000052
-0.000052
-0.000052
-0.000052
-0.000052
-0.000052
-0.000052
-0.000052
-0.000051
-0.000051
-0.000051
-0.000051
-0.000051
-0.000051
-0.000051
-0.000051
-0.000051
-0.000051
-0.000051
-0.000050
-0.000050
-0.000050
-0.000050
-0.000050
-0.000050
-0.000050
-0.000050
-0.000047
-0.000035
0.000016
0.000185
0.000625
0.001481
0.002652
0.003651
0.004064
0.004206
0.004752
0.005671
0.006385
0.006922
0.007741
0.008613
0.009242
0.010026
0.010726
0.011191
0.011779
0.011965
0.012254
0.012692
0.012502
0.012341
0.011804
0.011426
0.010786
0.010023
0.009397
0.008479
0.007592
0.006999
0.006214
0.005203
0.004589
0.004414
0.003966
0.002902
0.001652
0.000733
0.000258
0.000073
0.000016
0.000001
-0.000003
-0.000004
-0.000005
-0.000007
-0.000008
-0.000008
-0.000009
-0.000010
-0.000011
-0.000011
-0.000012
-0.000012
-0.000013
-0.000013
-0.000013
-0.000013
-0.000013
-0.000013
-0.000013
-0.000012
-0.000012
-0.000012
-0.000011
-0.000010
-0.000010
-0.000009
-0.000008
-0.000007
-0.000006
-0.000005
-0.000004
-0.000002
0.000002
0.000016
0.000069
0.000243
0.000689
0.001548
0.002713
0.003698
0.004104
0.004255
0.004813
0.005734
0.006443
0.006978
0.007786
0.008631
0.009222
0.009961
0.010616
0.011052
0.011654
0.011891
0.012167
0.012058
0.012211
0.012200
0.011630
0.011301
0.010748
0.010076
0.009524
0.008661
0.007801
0.007219
0.006440
0.005426
0.004794
0.004605
0.004159
0.003105
0.001858
0.000933
0.000449
0.000257
0.000195
0.000176
0.000168
0.000163
0.000159
0.000154
0.000150
0.000146
0.000143
0.000139
0.000136
0.000134
0.000131
0.000129
0.000128
0.000126
0.000125
0.000125
0.000124
0.000124
0.000125
0.000125
0.000126
0.000127
0.000129
0.000131
0.000133
0.000135
0.000138
0.000141
0.000144
0.000148
0.000151
0.000155
0.000160
0.000167
0.000184
0.000242
0.000422
0.000876
0.001740
0.002900
0.003875
0.004279
0.004442
0.005014
0.005937
0.006639
0.007162
0.007946
0.008742
0.009270
0.009934
0.010522
0.010926
0.011566
0.011665
0.011577
0.011661
0.011551
0.011711
0.011411
0.011200
0.010789
0.010267
0.009840
0.009072
0.008273
0.007722
0.006963
0.005951
0.005304
0.005098
0.004651
0.003605
0.002360
0.001427
0.000932
0.000731
0.000661
0.000636
0.000622
0.000610
0.000600
0.000590
0.000580
0.000570
0.000562
0.000553
0.000546
0.000539
0.000533
0.000527
0.000523
0.000519
0.000516
0.000513
0.000512
0.000511
0.000511
0.000511
0.000513
0.000515
0.000518
0.000521
0.000526
0.000531
0.000536
0.000542
0.000549
0.000556
0.000564
0.000572
0.000580
0.000589
0.000600
0.000622
0.000686
0.000874
0.001336
0.002207
0.003365
0.004331
0.004734
0.004912
0.005497
0.006416
0.007100
0.007595
0.008325
0.009038
0.009458
0.009994
0.010465
0.010767
0.011122
0.011014
0.011140
0.011851
0.011667
0.011548
0.011267
0.011168
0.010959
0.010645
0.010394
0.009769
0.009074
0.008589
0.007874
0.006882
0.006230
0.006014
0.005570
0.004536
0.003295
0.002357
0.001853
0.001645
0.001570
0.001539
0.001520
0.001504
0.001488
0.001472
0.001457
0.001442
0.001428
0.001414
0.001401
0.001389
0.001378
0.001369
0.001360
0.001352
0.001346
0.001341
0.001337
0.001334
0.001333
0.001332
0.001333
0.001335
0.001338
0.001343
0.001348
0.001354
0.001361
0.001369
0.001378
0.001387
0.001397
0.001407
0.001417
0.001428
0.001439
0.001452
0.001477
0.001544
0.001736
0.002205
0.003079
0.004232
0.005186
0.005584
0.005769
0.006358
0.007258
0.007902
0.008339
0.008978
0.009567
0.009833
0.010186
0.010480
0.010653
0.010943
0.011068
0.011255
0.012279
0.012092
0.012090
0.011678
0.011628
0.011308
0.011141
0.011049
0.010573
0.010006
0.009616
0.008975
0.008032
0.007397
0.007188
0.006765
0.005756
0.004531
0.003596
0.003093
0.002886
0.002814
0.002787
0.002772
0.002759
0.002746
0.002732
0.002718
0.002704
0.002691
0.002677
0.002664
0.002652
0.002640
0.002629
0.002619
0.002610
0.002601
0.002594
0.002588
0.002583
0.002579
0.002576
0.002574
0.002573
0.002574
0.002575
0.002576
0.002579
0.002582
0.002586
0.002590
0.002595
0.002600
0.002604
0.002609
0.002614
0.002618
0.002622
0.002628
0.002646
0.002707
0.002896
0.003363
0.004232
0.005370
0.006300
0.006678
0.006855
0.007428
0.008286
0.008866
0.009219
0.009748
0.010211
0.010339
0.010570
0.010952
0.011034
0.011419
0.011422
0.011613
0.012699
0.012659
0.012838
0.012638
0.012493
0.011854
0.011554
0.011475
0.011066
0.010602
0.010310
0.009757
0.008886
0.008292
0.008113
0.007727
0.006757
0.005558
0.004635
0.004138
0.003939
0.003878
0.003864
0.003862
0.003862
0.003862
0.003861
0.003859
0.003856
0.003853
0.003849
0.003845
0.003840
0.003836
0.003831
0.003825
0.003820
0.003815
0.003809
0.003804
0.003798
0.003792
0.003787
0.003781
0.003775
0.003769
0.003763
0.003757
0.003751
0.003744
0.003738
0.003730
0.003722
0.003714
0.003705
0.003695
0.003685
0.003674
0.003662
0.003651
0.003642
0.003645
0.003693
0.003873
0.004332
0.005191
0.006305
0.007198
0.007542
0.007694
0.008232
0.009030
0.009538
0.009812
0.010259
0.010671
0.010796
0.011162
0.011802
0.011913
0.012074
0.011904
0.011954
0.013093
0.013132
0.013357
0.013423
0.013294
0.012689
0.011873
0.011506
0.011009
0.010586
0.010372
0.009907
0.009121
0.008586
0.008447
0.008102
0.007172
0.005994
0.005075
0.004578
0.004380
0.004324
0.004317
0.004325
0.004335
0.004345
0.004355
0.004365
0.004373
0.004381
0.004388
0.004394
0.004400
0.004404
0.004407
0.004409
0.004410
0.004409
0.004408
0.004405
0.004402
0.004397
0.004390
0.004383
0.004374
0.004364
0.004353
0.004341
0.004327
0.004312
0.004296
0.004279
0.004261
0.004242
0.004221
0.004200
0.004177
0.004154
0.004131
0.004107
0.004084
0.004065
0.004059
0.004102
0.004280
0.004740
0.005595
0.006691
0.007550
0.007859
0.007978
0.008469
0.009200
0.009640
0.009857
0.010279
0.010779
0.011162
0.011964
0.012511
0.012577
0.012485
0.012268
0.012257
0.013364
0.013504
0.013611
0.013886
0.014027
0.013376
0.012379
0.011497
0.010746
0.010305
0.010155
0.009784
0.009108
0.008658
0.008571
0.008267
0.007367
0.006200
0.005274
0.004760
0.004549
0.004482
0.004468
0.004469
0.004475
0.004481
0.004488
0.004496
0.004503
0.004509
0.004515
0.004521
0.004526
0.004530
0.004534
0.004536
0.004538
0.004538
0.004538
0.004536
0.004533
0.004529
0.004523
0.004517
0.004508
0.004499
0.004488
0.004476
0.004463
0.004449
0.004434
0.004417
0.004400
0.004382
0.004362
0.004342
0.004321
0.004300
0.004279
0.004257
0.004236
0.004216
0.004201
0.004202
0.004254
0.004445
0.004921
0.005784
0.006872
0.007706
0.007982
0.008060
0.008483
0.009127
0.009495
0.009665
0.010113
0.010849
0.011688
0.012606
0.013153
0.012958
0.012666
0.012563
0.012502
0.014420
0.014173
0.014211
0.014405
0.014665
0.014132
0.013312
0.012116
0.010985
0.010413
0.010263
0.009963
0.009415
0.009090
0.009087
0.008841
0.007984
0.006837
0.005908
0.005380
0.005151
0.005069
0.005042
0.005031
0.005025
0.005021
0.005018
0.005015
0.005013
0.005011
0.005008
0.005006
0.005004
0.005001
0.004999
0.004996
0.004993
0.004989
0.004985
0.004981
0.004976
0.004971
0.004965
0.004959
0.004952
0.004944
0.004936
0.004927
0.004918
0.004908
0.004897
0.004886
0.004874
0.004862
0.004850
0.004837
0.004823
0.004809
0.004795
0.004781
0.004766
0.004753
0.004741
0.004735
0.004747
0.004812
0.005018
0.005508
0.006377
0.007448
0.008247
0.008477
0.008486
0.008806
0.009348
0.009667
0.009848
0.010421
0.011501
0.012601
0.013301
0.013715
0.013405
0.013192
0.013195
0.013521
0.016750
0.015727
0.015150
0.015462
0.015471
0.015347
0.014844
0.013651
0.012148
0.011212
0.010816
0.010427
0.009946
0.009747
0.009850
0.009687
0.008902
0.007805
0.006898
0.006374
0.006142
0.006055
0.006023
0.006009
0.005999
0.005992
0.005987
0.005982
0.005977
0.005973
0.005968
0.005964
0.005960
0.005956
0.005952
0.005948
0.005943
0.005939
0.005934
0.005929
0.005923
0.005917
0.005910
0.005903
0.005896
0.005888
0.005879
0.005870
0.005861
0.005850
0.005840
0.005828
0.005817
0.005804
0.005791
0.005777
0.005763
0.005748
0.005733
0.005717
0.005701
0.005685
0.005670
0.005658
0.005652
0.005665
0.005733
0.005943
0.006431
0.007282
0.008312
0.009052
0.009215
0.009138
0.009355
0.009854
0.010275
0.010697
0.011612
0.013026
0.014090
0.014450
0.014469
0.014378
0.014085
0.014690
0.015772
0.019573
0.018419
0.017052
0.017002
0.017052
0.017047
0.016663
0.015622
0.013980
0.012545
0.011566
0.010800
0.010229
0.010099
0.010291
0.010212
0.009515
0.008493
0.007633
0.007130
0.006905
0.006822
0.006791
0.006777
0.006770
0.006765
0.006761
0.006759
0.006758
0.006757
0.006756
0.006756
0.006755
0.006754
0.006753
0.006752
0.006750
0.006748
0.006746
0.006742
0.006738
0.006733
0.006728
0.006721
0.006713
0.006704
0.006695
0.006684
0.006672
0.006660
0.006646
0.006632
0.006616
0.006600
0.006583
0.006564
0.006545
0.006525
0.006504
0.006483
0.006460
0.006438
0.006416
0.006395
0.006378
0.006368
0.006378
0.006444
0.006648
0.007120
0.007932
0.008899
0.009567
0.009663
0.009515
0.009684
0.010287
0.011083
0.012067
0.013453
0.014990
0.015895
0.016089
0.015958
0.015893
0.015974
0.017372
0.018726
0.020492
0.019378
0.018727
0.018706
0.018778
0.018417
0.018042
0.017024
0.015692
0.014121
0.012527
0.011181
0.010365
0.010231
0.010482
0.010475
0.009872
0.008947
0.008155
0.007686
0.007474
0.007393
0.007362
0.007346
0.007335
0.007326
0.007320
0.007314
0.007310
0.007306
0.007303
0.007301
0.007298
0.007296
0.007293
0.007291
0.007288
0.007285
0.007282
0.007278
0.007274
0.007269
0.007263
0.007257
0.007250
0.007241
0.007232
0.007222
0.007211
0.007200
0.007187
0.007174
0.007160
0.007145
0.007129
0.007112
0.007095
0.007076
0.007056
0.007036
0.007014
0.006993
0.006970
0.006949
0.006929
0.006912
0.006903
0.006914
0.006978
0.007173
0.007617
0.008371
0.009256
0.009845
0.009885
0.009692
0.009877
0.010727
0.012089
0.013670
0.015188
0.016440
0.017353
0.017592
0.017801
0.017692
0.017861
0.018728
0.020039
0.025007
0.022161
0.019796
0.019480
0.019660
0.019961
0.019064
0.017704
0.016742
0.015665
0.013936
0.012095
0.010918
0.010653
0.010879
0.010905
0.010400
0.009602
0.008913
0.008506
0.008324
0.008255
0.008227
0.008211
0.008197
0.008185
0.008173
0.008162
0.008153
0.008144
0.008136
0.008128
0.008121
0.008114
0.008108
0.008101
0.008095
0.008089
0.008082
0.008076
0.008069
0.008063
0.008056
0.008048
0.008041
0.008033
0.008025
0.008016
0.008007
0.007998
0.007988
0.007977
0.007966
0.007955
0.007942
0.007929
0.007915
0.007900
0.007883
0.007866
0.007848
0.007829
0.007809
0.007788
0.007768
0.007749
0.007732
0.007723
0.007730
0.007785
0.007956
0.008348
0.009011
0.009786
0.010293
0.010310
0.010148
0.010465
0.011669
0.013514
0.015227
0.016273
0.017178
0.018430
0.019213
0.018867
0.018737
0.019153
0.021592
0.024495
0.027034
0.026356
0.025016
0.022076
0.021239
0.021155
0.020342
0.018751
0.017666
0.016956
0.015534
0.013553
0.012012
0.011374
0.011347
0.011280
0.010836
0.010180
0.009632
0.009321
0.009196
0.009159
0.009150
0.009145
0.009139
0.009132
0.009123
0.009114
0.009106
0.009098
0.009091
0.009085
0.009079
0.009073
0.009067
0.009062
0.009056
0.009051
0.009045
0.009039
0.009033
0.009026
0.009019
0.009012
0.009004
0.008997
0.008989
0.008980
0.008972
0.008962
0.008953
0.008942
0.008931
0.008918
0.008905
0.008890
0.008875
0.008858
0.008841
0.008821
0.008801
0.008779
0.008755
0.008731
0.008705
0.008679
0.008653
0.008628
0.008607
0.008598
0.008626
0.008750
0.009058
0.009596
0.010243
0.010698
0.010806
0.010888
0.011565
0.013121
0.015103
0.016520
0.017213
0.018235
0.019721
0.020440
0.020492
0.021336
0.024240
0.025682
0.026554
0.032233
0.029699
0.028748
0.026762
0.024628
0.023017
0.021552
0.020284
0.018963
0.017915
0.016513
0.014680
0.013140
0.012198
0.011674
0.011326
0.010890
0.010386
0.010010
0.009823
0.009773
0.009782
0.009802
0.009817
0.009824
0.009824
0.009820
0.009814
0.009806
0.009799
0.009792
0.009785
0.009778
0.009772
0.009767
0.009761
0.009756
0.009751
0.009746
0.009740
0.009734
0.009727
0.009721
0.009714
0.009707
0.009699
0.009692
0.009684
0.009676
0.009668
0.009659
0.009649
0.009639
0.009627
0.009615
0.009601
0.009587
0.009571
0.009554
0.009536
0.009516
0.009495
0.009471
0.009446
0.009419
0.009390
0.009359
0.009326
0.009290
0.009254
0.009222
0.009212
0.009271
0.009468
0.009849
0.010354
0.010799
0.011171
0.011725
0.012686
0.014228
0.016069
0.017468
0.018491
0.019745
0.020932
0.022317
0.023848
0.025903
0.027930
0.029072
0.031768
0.039013
0.036084
0.032176
0.028645
0.027180
0.025779
0.022964
0.021029
0.019784
0.018210
0.016826
0.015103
0.013868
0.013097
0.012407
0.011576
0.011014
0.010649
0.010474
0.010433
0.010475
0.010542
0.010601
0.010642
0.010667
0.010678
0.010681
0.010677
0.010670
0.010661
0.010651
0.010641
0.010631
0.010622
0.010613
0.010604
0.010596
0.010588
0.010580
0.010572
0.010565
0.010557
0.010550
0.010543
0.010536
0.010529
0.010521
0.010514
0.010507
0.010500
0.010493
0.010485
0.010478
0.010469
0.010460
0.010451
0.010440
0.010429
0.010416
0.010402
0.010387
0.010370
0.010351
0.010329
0.010305
0.010277
0.010246
0.010209
0.010167
0.010117
0.010060
0.009998
0.009941
0.009920
0.009984
0.010178
0.010555
0.011113
0.011950
0.012642
0.013404
0.014624
0.016366
0.017735
0.019272
0.020472
0.022319
0.024997
0.026311
0.027793
0.031390
0.035412
0.038534
0.048998
0.042372
0.037243
0.034080
0.029294
0.027081
0.024526
0.021080
0.019421
0.018509
0.016693
0.015129
0.014278
0.013611
0.012885
0.012125
0.011287
0.010808
0.010824
0.010924
0.011053
0.011181
0.011288
0.011368
0.011423
0.011458
0.011478
0.011487
0.011490
0.011488
0.011484
0.011478
0.011472
0.011465
0.011459
0.011452
0.011445
0.011439
0.011433
0.011427
0.011421
0.011415
0.011409
0.011403
0.011397
0.011391
0.011385
0.011378
0.011372
0.011365
0.011358
0.011351
0.011343
0.011335
0.011326
0.011317
0.011306
0.011295
0.011283
0.011269
0.011253
0.011236
0.011216
0.011193
0.011167
0.011137
0.011101
0.011058
0.011007
0.010947
0.010874
0.010787
0.010688
0.010582
0.010487
0.010422
0.010440
0.010942
0.011781
0.012511
0.013180
0.013793
0.014584
0.016155
0.017999
0.018871
0.020492
0.023805
0.026254
0.028433
0.033154
0.036377
0.041701
0.048526
0.060286
0.052659
0.044798
0.037891
0.034013
0.028476
0.026532
0.021901
0.019224
0.018293
0.016543
0.014963
0.013908
0.013358
0.012884
0.012152
0.011256
0.010876
0.010986
0.011198
0.011375
0.011546
0.011693
0.011808
0.011893
0.011952
0.011991
0.012013
0.012024
0.012028
0.012026
0.012021
0.012015
0.012008
0.012001
0.011994
0.011987
0.011980
0.011973
0.011967
0.011961
0.011954
0.011948
0.011942
0.011937
0.011931
0.011925
0.011920
0.011915
0.011910
0.011905
0.011899
0.011894
0.011889
0.011883
0.011876
0.011869
0.011861
0.011852
0.011843
0.011831
0.011819
0.011804
0.011786
0.011765
0.011739
0.011707
0.011667
0.011617
0.011554
0.011476
0.011382
0.011271
0.011143
0.011007
0.010875
0.010710
0.010634
0.011021
0.011873
0.012553
0.012955
0.013431
0.014449
0.015995
0.017737
0.018668
0.021279
0.025778
0.027682
0.033094
0.037015
0.043891
0.051922
0.060220
0.079357
0.068232
0.053605
0.044580
0.036984
0.032026
0.028429
0.024713
0.019537
0.018235
0.016448
0.014529
0.013569
0.012974
0.012711
0.012225
0.011550
0.011073
0.011259
0.011712
0.011856
0.012020
0.012182
0.012323
0.012436
0.012522
0.012584
0.012626
0.012652
0.012666
0.012673
0.012674
0.012672
0.012667
0.012662
0.012657
0.012651
0.012645
0.012640
0.012634
0.012629
0.012623
0.012618
0.012612
0.012606
0.012601
0.012596
0.012592
0.012587
0.012584
0.012580
0.012577
0.012574
0.012571
0.012567
0.012563
0.012559
0.012553
0.012547
0.012539
0.012531
0.012521
0.012509
0.012494
0.012476
0.012453
0.012424
0.012386
0.012336
0.012274
0.012195
0.012099
0.011986
0.011858
0.011723
0.011601
0.011498
0.011071
0.010906
0.011385
0.012009
0.012424
0.012615
0.013159
0.014082
0.016006
0.017772
0.019038
0.024114
0.027754
0.031245
0.036198
0.043773
0.052803
0.066432
0.079818
0.126825
0.084306
0.065684
0.051529
0.041931
0.035681
0.029355
0.025935
0.021827
0.018878
0.017630
0.014941
0.013389
0.012725
0.012390
0.011965
0.011459
0.011106
0.011060
0.011705
0.011983
0.012086
0.012235
0.012383
0.012512
0.012617
0.012698
0.012758
0.012799
0.012827
0.012845
0.012855
0.012860
0.012862
0.012862
0.012861
0.012858
0.012855
0.012852
0.012848
0.012844
0.012841
0.012837
0.012833
0.012830
0.012827
0.012823
0.012820
0.012818
0.012815
0.012813
0.012811
0.012809
0.012806
0.012804
0.012802
0.012799
0.012795
0.012791
0.012786
0.012780
0.012773
0.012763
0.012751
0.012735
0.012715
0.012689
0.012655
0.012611
0.012555
0.012482
0.012393
0.012285
0.012161
0.012031
0.011911
0.011844
0.011566
0.010931
0.011007
0.011354
0.011801
0.012160
0.012460
0.013090
0.014648
0.017383
0.018594
0.021453
0.025504
0.028857
0.035092
0.041217
0.050774
0.065352
0.078030
0.112402
0.004978
0.053604
0.069178
0.058239
0.047920
0.038279
0.031674
0.026521
0.024480
0.020037
0.018702
0.015771
0.013496
0.012465
0.012219
0.011916
0.011566
0.011204
0.011091
0.011552
0.012152
0.012247
0.012369
0.012510
0.012641
0.012751
0.012838
0.012904
0.012952
0.012986
0.013009
0.013025
0.013036
0.013043
0.013046
0.013047
0.013047
0.013045
0.013042
0.013039
0.013036
0.013033
0.013030
0.013027
0.013025
0.013023
0.013021
0.013019
0.013018
0.013017
0.013016
0.013015
0.013015
0.013015
0.013015
0.013015
0.013015
0.013015
0.013015
0.013014
0.013013
0.013010
0.013005
0.012998
0.012987
0.012973
0.012954
0.012929
0.012897
0.012855
0.012800
0.012729
0.012639
0.012530
0.012405
0.012275
0.012169
0.012081
0.011472
0.011038
0.011163
0.011513
0.011828
0.012117
0.012365
0.013413
0.015742
0.018676
0.019956
0.024355
0.026392
0.031501
0.038080
0.047660
0.057222
0.062304
0.029114
0.004978
0.000000
0.000000
0.000000
0.000000
0.101858
0.000000
0.000000
0.073742
0.072759
0.000000
0.000000
0.053910
0.057849
0.053734
0.000000
0.000000
0.042773
0.046599
0.046546
0.042567
0.000000
0.000000
0.036150
0.037925
0.039025
0.037847
0.035897
0.000000
0.000000
0.029629
0.032497
0.034680
0.034622
0.032325
0.029346
0.000000
0.000000
0.026197
0.028782
0.028866
0.029653
0.028772
0.028568
0.025876
0.000000
0.000000
0.022064
0.024987
0.026876
0.027353
0.027261
0.026630
0.024700
0.021733
0.000000
0.000000
0.019174
0.019708
0.022123
0.024771
0.025885
0.024542
0.021858
0.019497
0.018903
0.000000
0.000000
0.018115
0.018482
0.019421
0.021277
0.023085
0.022965
0.021023
0.019170
0.018137
0.017552
0.000000
0.000000
0.015539
0.016841
0.018505
0.019640
0.021173
0.021527
0.020941
0.019306
0.018061
0.016213
0.014814
0.000000
0.000000
0.014044
0.015002
0.016835
0.018728
0.019959
0.020313
0.020178
0.019600
0.018241
0.016210
0.014288
0.013275
0.000000
0.000000
0.013428
0.014109
0.015328
0.016866
0.018391
0.019041
0.018665
0.018798
0.017994
0.016343
0.014642
0.013339
0.012607
0.000000
0.000000
0.013105
0.013546
0.014305
0.015363
0.016968
0.018004
0.017636
0.017528
0.017691
0.016519
0.014785
0.013615
0.012768
0.012276
0.000000
0.000000
0.012656
0.013319
0.013803
0.014551
0.015232
0.016585
0.016957
0.016633
0.016783
0.016274
0.014821
0.013991
0.013123
0.012555
0.011903
0.000000
0.000000
0.012090
0.012817
0.013360
0.013926
0.014009
0.014732
0.015534
0.015597
0.015530
0.015348
0.014455
0.013615
0.013368
0.012694
0.012117
0.011424
0.000000
0.000000
0.011671
0.012067
0.012596
0.013216
0.013255
0.013183
0.013537
0.013877
0.014005
0.013787
0.013372
0.012931
0.012853
0.012668
0.011990
0.011457
0.011065
0.000000
0.000000
0.011558
0.011520
0.011620
0.012427
0.012561
0.012240
0.011985
0.012027
0.012424
0.012391
0.011938
0.011834
0.011991
0.012166
0.011931
0.011122
0.010993
0.011001
0.000000
0.000000
0.012199
0.011676
0.011195
0.011504
0.011708
0.011717
0.011346
0.010843
0.011073
0.011423
0.011029
0.010755
0.011190
0.011469
0.011372
0.011112
0.010764
0.011198
0.011688
0.000000
0.000000
0.012443
0.012113
0.011292
0.011004
0.011126
0.011367
0.011325
0.010578
0.010252
0.010654
0.010638
0.010203
0.010478
0.011152
0.011133
0.010857
0.010700
0.010928
0.011671
0.011955
0.000000
0.000000
0.012528
0.012228
0.011484
0.011016
0.010748
0.010923
0.011262
0.010812
0.010120
0.010082
0.010250
0.010059
0.010057
0.010689
0.011086
0.010724
0.010523
0.010732
0.011130
0.011801
0.012043
0.000000
0.000000
0.012663
0.012369
0.011636
0.011098
0.010561
0.010406
0.010810
0.010843
0.010380
0.009958
0.009774
0.009768
0.009922
0.010295
0.010714
0.010665
0.010254
0.010370
0.010839
0.011305
0.011959
0.012182
0.000000
0.000000
0.012800
0.012515
0.011785
0.011206
0.010505
0.010013
0.010138
0.010332
0.010380
0.010161
0.009587
0.009234
0.009570
0.010106
0.010289
0.010234
0.010048
0.009908
0.010347
0.010976
0.011478
0.012119
0.012323
0.000000
0.000000
0.012920
0.012643
0.011918
0.011318
0.010532
0.009812
0.009573
0.009518
0.009773
0.010091
0.009705
0.008926
0.008917
0.009670
0.010031
0.009714
0.009477
0.009537
0.009745
0.010403
0.011113
0.011628
0.012260
0.012450
0.000000
0.000000
0.013016
0.012749
0.012025
0.011418
0.010591
0.009754
0.009251
0.008814
0.008835
0.009393
0.009553
0.008940
0.008490
0.008915
0.009515
0.009364
0.008832
0.008828
0.009252
0.009711
0.010480
0.011227
0.011748
0.012375
0.012556
0.000000
0.000000
0.013088
0.012829
0.012108
0.011496
0.010650
0.009762
0.009123
0.008399
0.008031
0.008362
0.008770
0.008707
0.008423
0.008407
0.008679
0.008761
0.008388
0.008080
0.008448
0.009143
0.009731
0.010549
0.011314
0.011839
0.012465
0.012640
0.000000
0.000000
0.013140
0.012888
0.012168
0.011556
0.010698
0.009790
0.009092
0.008219
0.007559
0.007494
0.007669
0.007856
0.008133
0.008289
0.008115
0.007855
0.007709
0.007567
0.007638
0.008282
0.009117
0.009760
0.010598
0.011377
0.011904
0.012532
0.012703
0.000000
0.000000
0.013174
0.012929
0.012211
0.011600
0.010734
0.009818
0.009096
0.008161
0.007353
0.006992
0.006759
0.006709
0.007241
0.007960
0.007957
0.007247
0.006751
0.006840
0.007089
0.007441
0.008223
0.009116
0.009783
0.010630
0.011418
0.011948
0.012579
0.012749
0.000000
0.000000
0.013195
0.012954
0.012239
0.011631
0.010761
0.009842
0.009110
0.008150
0.007286
0.006777
0.006239
0.005781
0.006077
0.007040
0.007587
0.007058
0.006122
0.005857
0.006340
0.006878
0.007368
0.008202
0.009118
0.009796
0.010648
0.011445
0.011977
0.012610
0.012782
0.000000
0.000000
0.013207
0.012970
0.012257
0.011653
0.010780
0.009861
0.009125
0.008154
0.007272
0.006708
0.006018
0.005258
0.005155
0.005869
0.006630
0.006650
0.005921
0.005230
0.005351
0.006120
0.006802
0.007342
0.008190
0.009118
0.009801
0.010656
0.011460
0.011993
0.012630
0.012804
0.000000
0.000000
0.013213
0.012978
0.012268
0.011669
0.010794
0.009878
0.009140
0.008163
0.007278
0.006697
0.005946
0.005041
0.004649
0.004957
0.005440
0.005653
0.005490
0.005035
0.004737
0.005133
0.006039
0.006775
0.007330
0.008181
0.009115
0.009802
0.010657
0.011467
0.012001
0.012642
0.012819
0.000000
0.000000
0.013215
0.012981
0.012274
0.011680
0.010804
0.009893
0.009154
0.008174
0.007290
0.006705
0.005933
0.004973
0.004447
0.004468
0.004526
0.004439
0.004467
0.004598
0.004556
0.004535
0.005057
0.006010
0.006765
0.007323
0.008172
0.009110
0.009800
0.010654
0.011470
0.012004
0.012647
0.012828
0.000000
0.000000
0.013215
0.012981
0.012277
0.011689
0.010812
0.009906
0.009169
0.008186
0.007304
0.006719
0.005938
0.004962
0.004394
0.004281
0.004038
0.003514
0.003237
0.003562
0.004118
0.004367
0.004472
0.005032
0.005998
0.006760
0.007317
0.008163
0.009104
0.009796
0.010648
0.011469
0.012004
0.012649
0.012834
0.000000
0.000000
0.013213
0.012980
0.012279
0.011696
0.010818
0.009918
0.009182
0.008197
0.007320
0.006737
0.005950
0.004968
0.004394
0.004237
0.003849
0.003018
0.002307
0.002328
0.003075
0.003926
0.004314
0.004459
0.005022
0.005990
0.006757
0.007312
0.008154
0.009099
0.009791
0.010642
0.011467
0.012001
0.012648
0.012838
0.000000
0.000000
0.013211
0.012979
0.012279
0.011701
0.010823
0.009928
0.009195
0.008209
0.007336
0.006755
0.005963
0.004980
0.004410
0.004244
0.003800
0.002819
0.001810
0.001402
0.001840
0.002874
0.003868
0.004309
0.004462
0.005018
0.005985
0.006755
0.007308
0.008147
0.009093
0.009786
0.010635
0.011464
0.011997
0.012646
0.012839
0.000000
0.000000
0.013209
0.012977
0.012280
0.011706
0.010828
0.009938
0.009207
0.008220
0.007352
0.006773
0.005976
0.004992
0.004431
0.004266
0.003798
0.002755
0.001606
0.000912
0.000922
0.001637
0.002805
0.003855
0.004317
0.004468
0.005014
0.005980
0.006754
0.007305
0.008140
0.009088
0.009782
0.010627
0.011460
0.011993
0.012644
0.012840
0.000000
0.000000
0.013206
0.012976
0.012280
0.011710
0.010832
0.009948
0.009218
0.008231
0.007367
0.006791
0.005989
0.005005
0.004452
0.004290
0.003808
0.002737
0.001536
0.000713
0.000442
0.000727
0.001564
0.002779
0.003854
0.004328
0.004475
0.005012
0.005976
0.006753
0.007303
0.008133
0.009083
0.009777
0.010620
0.011456
0.011988
0.012641
0.012840
0.000000
0.000000
0.013204
0.012974
0.012281
0.011714
0.010836
0.009957
0.009229
0.008241
0.007382
0.006808
0.006002
0.005018
0.004473
0.004314
0.003820
0.002731
0.001510
0.000646
0.000252
0.000255
0.000659
0.001534
0.002765
0.003854
0.004338
0.004483
0.005010
0.005972
0.006753
0.007301
0.008127
0.009079
0.009773
0.010613
0.011452
0.011983
0.012638
0.012839
0.000000
0.000000
0.013201
0.012973
0.012281
0.011718
0.010840
0.009966
0.009239
0.008250
0.007396
0.006825
0.006014
0.005030
0.004494
0.004337
0.003832
0.002727
0.001496
0.000623
0.000191
0.000072
0.000195
0.000634
0.001516
0.002752
0.003854
0.004349
0.004490
0.005008
0.005968
0.006754
0.007299
0.008121
0.009075
0.009769
0.010607
0.011447
0.011979
0.012635
0.012837
0.000000
0.000000
0.013199
0.012972
0.012282
0.011721
0.010844
0.009974
0.009248
0.008259
0.007410
0.006841
0.006026
0.005041
0.004514
0.004360
0.003842
0.002722
0.001485
0.000611
0.000172
0.000016
0.000017
0.000176
0.000620
0.001500
0.002739
0.003854
0.004359
0.004498
0.005006
0.005965
0.006754
0.007298
0.008115
0.009071
0.009766
0.010600
0.011443
0.011974
0.012631
0.012836
0.000000
0.000000
0.013197
0.012971
0.012282
0.011724
0.010847
0.009982
0.009257
0.008267
0.007422
0.006855
0.006036
0.005052
0.004533
0.004381
0.003852
0.002717
0.001474
0.000602
0.000165
0.000001
-0.000037
0.000002
0.000169
0.000609
0.001484
0.002726
0.003852
0.004368
0.004505
0.005004
0.005961
0.006754
0.007297
0.008110
0.009066
0.009762
0.010594
0.011438
0.011969
0.012628
0.012834
0.000000
0.000000
0.013196
0.012970
0.012283
0.011728
0.010850
0.009989
0.009266
0.008274
0.007434
0.006869
0.006046
0.005063
0.004551
0.004401
0.003860
0.002711
0.001463
0.000593
0.000160
-0.000003
-0.000050
-0.000049
-0.000002
0.000163
0.000598
0.001469
0.002712
0.003850
0.004376
0.004511
0.005003
0.005958
0.006754
0.007295
0.008105
0.009062
0.009758
0.010588
0.011434
0.011965
0.012624
0.012832
0.000000
0.000000
0.013194
0.012970
0.012284
0.011731
0.010853
0.009996
0.009273
0.008282
0.007445
0.006882
0.006055
0.005073
0.004569
0.004420
0.003868
0.002705
0.001452
0.000585
0.000156
-0.000005
-0.000052
-0.000061
-0.000052
-0.000003
0.000159
0.000588
0.001453
0.002699
0.003847
0.004384
0.004518
0.005001
0.005955
0.006754
0.007294
0.008100
0.009058
0.009754
0.010581
0.011429
0.011961
0.012620
0.012830
0.000000
0.000000
0.013193
0.012969
0.012285
0.011734
0.010856
0.010001
0.009280
0.008288
0.007456
0.006894
0.006064
0.005082
0.004585
0.004438
0.003875
0.002699
0.001441
0.000577
0.000153
-0.000006
-0.000053
-0.000063
-0.000063
-0.000052
-0.000005
0.000154
0.000579
0.001439
0.002685
0.003844
0.004390
0.004523
0.004999
0.005951
0.006754
0.007292
0.008094
0.009054
0.009750
0.010575
0.011425
0.011956
0.012616
0.012829
0.000000
0.000000
0.013193
0.012968
0.012286
0.011737
0.010859
0.010007
0.009286
0.008294
0.007465
0.006906
0.006072
0.005090
0.004600
0.004454
0.003880
0.002692
0.001430
0.000569
0.000149
-0.000007
-0.000052
-0.000063
-0.000065
-0.000063
-0.000052
-0.000006
0.000150
0.000569
0.001425
0.002672
0.003840
0.004396
0.004528
0.004997
0.005948
0.006753
0.007290
0.008089
0.009049
0.009745
0.010569
0.011421
0.011952
0.012612
0.012827
0.000000
0.000000
0.013193
0.012968
0.012287
0.011740
0.010861
0.010012
0.009292
0.008300
0.007474
0.006916
0.006080
0.005098
0.004614
0.004469
0.003886
0.002686
0.001421
0.000562
0.000146
-0.000008
-0.000052
-0.000063
-0.000065
-0.000065
-0.000063
-0.000052
-0.000007
0.000146
0.000561
0.001411
0.002660
0.003836
0.004401
0.004532
0.004995
0.005944
0.006752
0.007287
0.008084
0.009044
0.009740
0.010563
0.011416
0.011948
0.012609
0.012826
0.000000
0.000000
0.013194
0.012969
0.012289
0.011743
0.010864
0.010016
0.009297
0.008305
0.007483
0.006926
0.006087
0.005106
0.004627
0.004483
0.003890
0.002681
0.001412
0.000555
0.000142
-0.000009
-0.000052
-0.000062
-0.000064
-0.000064
-0.000064
-0.000062
-0.000052
-0.000008
0.000143
0.000552
0.001399
0.002648
0.003832
0.004404
0.004535
0.004992
0.005940
0.006750
0.007285
0.008078
0.009038
0.009734
0.010558
0.011412
0.011943
0.012605
0.012825
0.000000
0.000000
0.013195
0.012970
0.012291
0.011746
0.010867
0.010020
0.009302
0.008311
0.007490
0.006934
0.006093
0.005113
0.004639
0.004495
0.003895
0.002676
0.001403
0.000549
0.000140
-0.000010
-0.000052
-0.000062
-0.000064
-0.000064
-0.000064
-0.000063
-0.000062
-0.000052
-0.000009
0.000140
0.000545
0.001387
0.002636
0.003827
0.004407
0.004537
0.004990
0.005936
0.006747
0.007281
0.008073
0.009032
0.009729
0.010552
0.011407
0.011939
0.012602
0.012823
0.000000
0.000000
0.013196
0.012972
0.012293
0.011749
0.010870
0.010024
0.009306
0.008315
0.007497
0.006942
0.006099
0.005119
0.004649
0.004506
0.003898
0.002671
0.001396
0.000544
0.000137
-0.000010
-0.000052
-0.000062
-0.000063
-0.000063
-0.000063
-0.000063
-0.000063
-0.000061
-0.000052
-0.000010
0.000137
0.000538
0.001376
0.002626
0.003822
0.004408
0.004538
0.004986
0.005932
0.006744
0.007277
0.008067
0.009026
0.009723
0.010546
0.011403
0.011936
0.012600
0.012823
0.000000
0.000000
0.013198
0.012975
0.012296
0.011752
0.010874
0.010027
0.009310
0.008320
0.007503
0.006949
0.006105
0.005124
0.004658
0.004516
0.003902
0.002667
0.001389
0.000539
0.000135
-0.000011
-0.000052
-0.000062
-0.000063
-0.000063
-0.000063
-0.000063
-0.000063
-0.000062
-0.000061
-0.000051
-0.000010
0.000134
0.000532
0.001367
0.002616
0.003817
0.004408
0.004538
0.004983
0.005927
0.006740
0.007273
0.008061
0.009020
0.009717
0.010540
0.011398
0.011932
0.012598
0.012822
0.000000
0.000000
0.013200
0.012978
0.012299
0.011755
0.010877
0.010031
0.009314
0.008324
0.007508
0.006955
0.006109
0.005129
0.004666
0.004524
0.003905
0.002664
0.001384
0.000535
0.000133
-0.000012
-0.000052
-0.000061
-0.000063
-0.000063
-0.000062
-0.000062
-0.000062
-0.000062
-0.000062
-0.000060
-0.000051
-0.000011
0.000132
0.000527
0.001358
0.002607
0.003813
0.004408
0.004537
0.004979
0.005922
0.006735
0.007267
0.008054
0.009013
0.009711
0.010535
0.011393
0.011928
0.012596
0.012821
0.000000
0.000000
0.013203
0.012982
0.012302
0.011758
0.010881
0.010034
0.009318
0.008327
0.007512
0.006959
0.006114
0.005134
0.004672
0.004531
0.003908
0.002662
0.001380
0.000531
0.000131
-0.000012
-0.000052
-0.000061
-0.000062
-0.000062
-0.000062
-0.000062
-0.000062
-0.000062
-0.000062
-0.000062
-0.000060
-0.000051
-0.000011
0.000130
0.000522
0.001351
0.002599
0.003808
0.004406
0.004535
0.004974
0.005916
0.006729
0.007261
0.008047
0.009006
0.009704
0.010529
0.011387
0.011925
0.012595
0.012821
0.000000
0.000000
0.013207
0.012986
0.012306
0.011761
0.010885
0.010038
0.009321
0.008331
0.007515
0.006963
0.006117
0.005138
0.004677
0.004537
0.003911
0.002661
0.001377
0.000529
0.000130
-0.000013
-0.000052
-0.000061
-0.000062
-0.000062
-0.000062
-0.000061
-0.000061
-0.000061
-0.000061
-0.000061
-0.000061
-0.000060
-0.000051
-0.000012
0.000128
0.000518
0.001345
0.002593
0.003803
0.004402
0.004531
0.004969
0.005910
0.006723
0.007254
0.008040
0.008999
0.009697
0.010523
0.011382
0.011922
0.012594
0.012821
0.000000
0.000000
0.013211
0.012991
0.012311
0.011765
0.010889
0.010041
0.009324
0.008334
0.007518
0.006966
0.006121
0.005141
0.004681
0.004541
0.003914
0.002661
0.001374
0.000527
0.000129
-0.000013
-0.000052
-0.000061
-0.000062
-0.000062
-0.000061
-0.000061
-0.000061
-0.000061
-0.000061
-0.000061
-0.000061
-0.000061
-0.000060
-0.000051
-0.000012
0.000127
0.000515
0.001340
0.002587
0.003798
0.004398
0.004526
0.004963
0.005903
0.006715
0.007245
0.008033
0.008992
0.009690
0.010517
0.011376
0.011918
0.012592
0.012820
0.000000
0.000000
0.013215
0.012997
0.012315
0.011768
0.010893
0.010044
0.009328
0.008337
0.007519
0.006967
0.006123
0.005143
0.004683
0.004544
0.003917
0.002662
0.001374
0.000526
0.000128
-0.000013
-0.000052
-0.000061
-0.000062
-0.000061
-0.000061
-0.000061
-0.000060
-0.000060
-0.000060
-0.000060
-0.000060
-0.000061
-0.000061
-0.000059
-0.000051
-0.000012
0.000126
0.000513
0.001336
0.002582
0.003793
0.004392
0.004520
0.004957
0.005896
0.006706
0.007236
0.008025
0.008984
0.009682
0.010511
0.011370
0.011914
0.012590
0.012820
0.000000
0.000000
0.013220
0.013002
0.012320
0.011772
0.010898
0.010047
0.009330
0.008340
0.007520
0.006968
0.006125
0.005145
0.004684
0.004546
0.003920
0.002663
0.001374
0.000525
0.000128
-0.000013
-0.000052
-0.000061
-0.000062
-0.000061
-0.000061
-0.000060
-0.000060
-0.000060
-0.000060
-0.000060
-0.000060
-0.000060
-0.000060
-0.000060
-0.000059
-0.000051
-0.000013
0.000125
0.000511
0.001334
0.002579
0.003788
0.004385
0.004512
0.004950
0.005888
0.006696
0.007226
0.008016
0.008975
0.009674
0.010505
0.011363
0.011910
0.012588
0.012819
0.000000
0.000000
0.013225
0.013008
0.012325
0.011776
0.010902
0.010050
0.009333
0.008342
0.007520
0.006968
0.006127
0.005146
0.004684
0.004546
0.003922
0.002666
0.001376
0.000526
0.000127
-0.000013
-0.000052
-0.000061
-0.000062
-0.000061
-0.000061
-0.000060
-0.000060
-0.000060
-0.000059
-0.000059
-0.000059
-0.000060
-0.000060
-0.000060
-0.000060
-0.000059
-0.000051
-0.000013
0.000125
0.000511
0.001332
0.002576
0.003782
0.004377
0.004503
0.004942
0.005880
0.006685
0.007216
0.008008
0.008966
0.009665
0.010498
0.011356
0.011905
0.012585
0.012818
0.000000
0.000000
0.013231
0.013014
0.012331
0.011780
0.010907
0.010052
0.009335
0.008345
0.007520
0.006967
0.006128
0.005147
0.004682
0.004545
0.003925
0.002670
0.001378
0.000527
0.000128
-0.000013
-0.000052
-0.000061
-0.000062
-0.000061
-0.000061
-0.000060
-0.000060
-0.000059
-0.000059
-0.000059
-0.000059
-0.000059
-0.000059
-0.000060
-0.000060
-0.000060
-0.000059
-0.000051
-0.000013
0.000124
0.000511
0.001332
0.002575
0.003777
0.004368
0.004493
0.004934
0.005871
0.006673
0.007204
0.007998
0.008955
0.009655
0.010491
0.011348
0.011900
0.012582
0.012816
0.000000
0.000000
0.013237
0.013020
0.012337
0.011784
0.010913
0.010054
0.009337
0.008347
0.007519
0.006965
0.006129
0.005147
0.004679
0.004543
0.003927
0.002675
0.001383
0.000529
0.000128
-0.000013
-0.000052
-0.000061
-0.000062
-0.000061
-0.000061
-0.000060
-0.000060
-0.000059
-0.000059
-0.000059
-0.000059
-0.000059
-0.000059
-0.000059
-0.000059
-0.000060
-0.000060
-0.000059
-0.000051
-0.000013
0.000125
0.000512
0.001334
0.002575
0.003772
0.004357
0.004482
0.004925
0.005861
0.006661
0.007192
0.007988
0.008944
0.009644
0.010483
0.011340
0.011894
0.012578
0.012813
0.000000
0.000000
0.013243
0.013027
0.012344
0.011789
0.010918
0.010056
0.009338
0.008349
0.007517
0.006963
0.006129
0.005147
0.004674
0.004539
0.003929
0.002681
0.001388
0.000532
0.000129
-0.000013
-0.000052
-0.000061
-0.000062
-0.000061
-0.000061
-0.000060
-0.000060
-0.000059
-0.000059
-0.000059
-0.000059
-0.000059
-0.000059
-0.000059
-0.000059
-0.000059
-0.000060
-0.000060
-0.000059
-0.000051
-0.000012
0.000125
0.000513
0.001336
0.002575
0.003767
0.004345
0.004469
0.004916
0.005851
0.006647
0.007179
0.007978
0.008932
0.009632
0.010474
0.011331
0.011888
0.012573
0.012810
0.000000
0.000000
0.013250
0.013035
0.012351
0.011794
0.010924
0.010058
0.009339
0.008351
0.007515
0.006960
0.006129
0.005146
0.004669
0.004534
0.003931
0.002688
0.001394
0.000535
0.000131
-0.000013
-0.000052
-0.000061
-0.000062
-0.000061
-0.000061
-0.000060
-0.000060
-0.000059
-0.000059
-0.000059
-0.000058
-0.000058
-0.000058
-0.000059
-0.000059
-0.000059
-0.000059
-0.000060
-0.000060
-0.000059
-0.000051
-0.000012
0.000126
0.000516
0.001339
0.002577
0.003761
0.004332
0.004455
0.004906
0.005841
0.006632
0.007165
0.007966
0.008919
0.009619
0.010464
0.011321
0.011880
0.012567
0.012805
0.000000
0.000000
0.013256
0.013043
0.012359
0.011800
0.010930
0.010059
0.009340
0.008352
0.007513
0.006956
0.006129
0.005144
0.004662
0.004528
0.003932
0.002696
0.001402
0.000539
0.000132
-0.000013
-0.000052
-0.000061
-0.000062
-0.000061
-0.000061
-0.000060
-0.000060
-0.000059
-0.000059
-0.000059
-0.000058
-0.000058
-0.000058
-0.000058
-0.000058
-0.000059
-0.000059
-0.000059
-0.000060
-0.000060
-0.000059
-0.000051
-0.000012
0.000128
0.000519
0.001344
0.002579
0.003755
0.004318
0.004441
0.004895
0.005830
0.006617
0.007150
0.007954
0.008905
0.009604
0.010454
0.011309
0.011872
0.012560
0.012799
0.000000
0.000000
0.013263
0.013052
0.012367
0.011806
0.010936
0.010061
0.009342
0.008354
0.007510
0.006952
0.006128
0.005142
0.004654
0.004521
0.003934
0.002704
0.001410
0.000544
0.000134
-0.000012
-0.000053
-0.000061
-0.000062
-0.000062
-0.000061
-0.000060
-0.000060
-0.000059
-0.000059
-0.000059
-0.000058
-0.000058
-0.000058
-0.000058
-0.000058
-0.000058
-0.000059
-0.000059
-0.000059
-0.000060
-0.000060
-0.000059
-0.000051
-0.000011
0.000129
0.000522
0.001349
0.002582
0.003749
0.004302
0.004425
0.004884
0.005818
0.006600
0.007134
0.007941
0.008890
0.009589
0.010442
0.011296
0.011862
0.012551
0.012790
0.000000
0.000000
0.013268
0.013061
0.012377
0.011812
0.010943
0.010064
0.009343
0.008356
0.007507
0.006947
0.006127
0.005140
0.004646
0.004512
0.003935
0.002713
0.001420
0.000550
0.000136
-0.000012
-0.000053
-0.000061
-0.000062
-0.000062
-0.000061
-0.000060
-0.000060
-0.000059
-0.000059
-0.000059
-0.000058
-0.000058
-0.000058
-0.000058
-0.000058
-0.000058
-0.000058
-0.000059
-0.000059
-0.000059
-0.000060
-0.000060
-0.000059
-0.000050
-0.000011
0.000131
0.000527
0.001356
0.002586
0.003743
0.004286
0.004408
0.004873
0.005806
0.006583
0.007117
0.007927
0.008873
0.009572
0.010428
0.011281
0.011850
0.012540
0.012778
0.000000
0.000000
0.013272
0.013070
0.012386
0.011818
0.010951
0.010066
0.009344
0.008358
0.007504
0.006942
0.006125
0.005138
0.004636
0.004502
0.003935
0.002723
0.001430
0.000556
0.000139
-0.000011
-0.000053
-0.000062
-0.000062
-0.000062
-0.000061
-0.000061
-0.000060
-0.000060
-0.000059
-0.000059
-0.000059
-0.000058
-0.000058
-0.000058
-0.000058
-0.000058
-0.000058
-0.000059
-0.000059
-0.000059
-0.000060
-0.000060
-0.000060
-0.000059
-0.000050
-0.000010
0.000133
0.000532
0.001363
0.002590
0.003736
0.004268
0.004390
0.004861
0.005793
0.006564
0.007099
0.007912
0.008855
0.009554
0.010413
0.011263
0.011835
0.012525
0.012762
0.000000
0.000000
0.013272
0.013076
0.012394
0.011824
0.010959
0.010069
0.009346
0.008360
0.007501
0.006936
0.006124
0.005135
0.004625
0.004491
0.003935
0.002733
0.001442
0.000563
0.000142
-0.000010
-0.000053
-0.000062
-0.000063
-0.000062
-0.000062
-0.000061
-0.000060
-0.000060
-0.000059
-0.000059
-0.000059
-0.000059
-0.000058
-0.000058
-0.000058
-0.000058
-0.000058
-0.000058
-0.000059
-0.000059
-0.000059
-0.000060
-0.000060
-0.000060
-0.000059
-0.000050
-0.000010
0.000136
0.000538
0.001372
0.002595
0.003729
0.004249
0.004371
0.004848
0.005779
0.006545
0.007080
0.007895
0.008836
0.009534
0.010396
0.011243
0.011817
0.012506
0.012740
0.000000
0.000000
0.013266
0.013078
0.012400
0.011830
0.010968
0.010073
0.009347
0.008362
0.007497
0.006930
0.006122
0.005131
0.004613
0.004479
0.003934
0.002744
0.001454
0.000571
0.000145
-0.000009
-0.000053
-0.000062
-0.000063
-0.000063
-0.000062
-0.000061
-0.000061
-0.000060
-0.000060
-0.000059
-0.000059
-0.000059
-0.000059
-0.000058
-0.000058
-0.000058
-0.000058
-0.000058
-0.000059
-0.000059
-0.000059
-0.000060
-0.000060
-0.000060
-0.000061
-0.000059
-0.000050
-0.000009
0.000139
0.000544
0.001381
0.002600
0.003721
0.004229
0.004351
0.004835
0.005765
0.006524
0.007060
0.007878
0.008815
0.009513
0.010377
0.011219
0.011794
0.012480
0.012710
0.000000
0.000000
0.013251
0.013072
0.012402
0.011833
0.010975
0.010077
0.009349
0.008364
0.007494
0.006924
0.006119
0.005128
0.004601
0.004465
0.003933
0.002754
0.001467
0.000579
0.000148
-0.000009
-0.000053
-0.000062
-0.000064
-0.000063
-0.000062
-0.000062
-0.000061
-0.000061
-0.000060
-0.000060
-0.000059
-0.000059
-0.000059
-0.000059
-0.000059
-0.000059
-0.000059
-0.000059
-0.000059
-0.000059
-0.000059
-0.000059
-0.000060
-0.000060
-0.000061
-0.000061
-0.000060
-0.000050
-0.000008
0.000142
0.000551
0.001390
0.002605
0.003712
0.004208
0.004330
0.004821
0.005750
0.006503
0.007039
0.007859
0.008792
0.009488
0.010354
0.011190
0.011764
0.012445
0.012670
0.000000
0.000000
0.013224
0.013056
0.012398
0.011833
0.010981
0.010080
0.009352
0.008367
0.007491
0.006917
0.006116
0.005124
0.004588
0.004450
0.003930
0.002765
0.001480
0.000588
0.000152
-0.000008
-0.000053
-0.000063
-0.000064
-0.000064
-0.000063
-0.000062
-0.000062
-0.000061
-0.000061
-0.000060
-0.000060
-0.000059
-0.000059
-0.000059
-0.000059
-0.000059
-0.000059
-0.000059
-0.000059
-0.000059
-0.000059
-0.000059
-0.000060
-0.000060
-0.000061
-0.000061
-0.000061
-0.000060
-0.000050
-0.000007
0.000145
0.000558
0.001400
0.002610
0.003703
0.004185
0.004309
0.004807
0.005734
0.006481
0.007017
0.007839
0.008768
0.009462
0.010327
0.011156
0.011726
0.012399
0.012618
0.000000
0.000000
0.013178
0.013025
0.012382
0.011827
0.010984
0.010082
0.009354
0.008370
0.007488
0.006911
0.006114
0.005120
0.004575
0.004434
0.003927
0.002775
0.001493
0.000597
0.000156
-0.000007
-0.000053
-0.000063
-0.000064
-0.000064
-0.000063
-0.000063
-0.000062
-0.000062
-0.000061
-0.000061
-0.000060
-0.000060
-0.000060
-0.000059
-0.000059
-0.000059
-0.000059
-0.000059
-0.000059
-0.000059
-0.000059
-0.000060
-0.000060
-0.000060
-0.000061
-0.000061
-0.000061
-0.000062
-0.000060
-0.000050
-0.000006
0.000148
0.000566
0.001411
0.002615
0.003692
0.004162
0.004288
0.004793
0.005717
0.006458
0.006994
0.007818
0.008742
0.009432
0.010295
0.011114
0.011677
0.012338
0.012549
0.000000
0.000000
0.013110
0.012974
0.012351
0.011810
0.010982
0.010082
0.009356
0.008374
0.007486
0.006905
0.006111
0.005115
0.004560
0.004418
0.003922
0.002785
0.001507
0.000606
0.000160
-0.000005
-0.000053
-0.000064
-0.000065
-0.000065
-0.000064
-0.000063
-0.000063
-0.000062
-0.000062
-0.000061
-0.000061
-0.000060
-0.000060
-0.000060
-0.000060
-0.000060
-0.000059
-0.000059
-0.000059
-0.000060
-0.000060
-0.000060
-0.000060
-0.000060
-0.000061
-0.000061
-0.000061
-0.000062
-0.000062
-0.000061
-0.000050
-0.000005
0.000152
0.000574
0.001421
0.002620
0.003682
0.004139
0.004266
0.004778
0.005701
0.006435
0.006972
0.007797
0.008714
0.009400
0.010257
0.011062
0.011614
0.012260
0.012461
0.000000
0.000000
0.013015
0.012899
0.012299
0.011779
0.010970
0.010079
0.009358
0.008378
0.007485
0.006900
0.006108
0.005111
0.004546
0.004400
0.003916
0.002794
0.001521
0.000616
0.000165
-0.000004
-0.000053
-0.000064
-0.000066
-0.000065
-0.000065
-0.000064
-0.000063
-0.000063
-0.000062
-0.000062
-0.000061
-0.000061
-0.000061
-0.000060
-0.000060
-0.000060
-0.000060
-0.000060
-0.000060
-0.000060
-0.000060
-0.000060
-0.000060
-0.000060
-0.000061
-0.000061
-0.000061
-0.000062
-0.000062
-0.000062
-0.000061
-0.000050
-0.000004
0.000156
0.000582
0.001432
0.002624
0.003670
0.004115
0.004244
0.004764
0.005685
0.006413
0.006950
0.007775
0.008685
0.009364
0.010213
0.010999
0.011535
0.012164
0.012353
0.000000
0.000000
0.012894
0.012794
0.012221
0.011728
0.010947
0.010069
0.009358
0.008384
0.007487
0.006898
0.006108
0.005108
0.004533
0.004382
0.003909
0.002802
0.001535
0.000627
0.000170
-0.000003
-0.000053
-0.000064
-0.000066
-0.000065
-0.000065
-0.000064
-0.000064
-0.000063
-0.000063
-0.000062
-0.000062
-0.000061
-0.000061
-0.000061
-0.000061
-0.000060
-0.000060
-0.000060
-0.000060
-0.000060
-0.000060
-0.000060
-0.000060
-0.000061
-0.000061
-0.000061
-0.000061
-0.000062
-0.000062
-0.000062
-0.000063
-0.000061
-0.000050
-0.000002
0.000161
0.000591
0.001443
0.002628
0.003658
0.004091
0.004223
0.004751
0.005670
0.006393
0.006930
0.007756
0.008657
0.009324
0.010159
0.010923
0.011438
0.012049
0.012228
0.000000
0.000000
0.012750
0.012660
0.012112
0.011653
0.010907
0.010053
0.009357
0.008393
0.007494
0.006901
0.006113
0.005110
0.004523
0.004367
0.003904
0.002812
0.001551
0.000639
0.000177
0.000001
-0.000050
-0.000062
-0.000064
-0.000064
-0.000063
-0.000063
-0.000062
-0.000062
-0.000061
-0.000061
-0.000061
-0.000060
-0.000060
-0.000060
-0.000060
-0.000059
-0.000059
-0.000059
-0.000059
-0.000059
-0.000059
-0.000059
-0.000059
-0.000059
-0.000059
-0.000060
-0.000060
-0.000060
-0.000060
-0.000061
-0.000061
-0.000061
-0.000059
-0.000047
0.000002
0.000168
0.000602
0.001457
0.002635
0.003648
0.004071
0.004207
0.004743
0.005662
0.006380
0.006917
0.007741
0.008630
0.009282
0.010096
0.010831
0.011323
0.011918
0.012092
0.000000
0.000000
0.012603
0.012502
0.011971
0.011551
0.010850
0.010031
0.009362
0.008415
0.007517
0.006923
0.006135
0.005129
0.004529
0.004365
0.003911
0.002834
0.001579
0.000664
0.000196
0.000016
-0.000037
-0.000050
-0.000053
-0.000053
-0.000053
-0.000053
-0.000052
-0.000052
-0.000052
-0.000052
-0.000052
-0.000052
-0.000052
-0.000052
-0.000051
-0.000051
-0.000051
-0.000051
-0.000051
-0.000051
-0.000051
-0.000051
-0.000051
-0.000051
-0.000051
-0.000050
-0.000050
-0.000050
-0.000050
-0.000050
-0.000050
-0.000050
-0.000050
-0.000047
-0.000035
0.000016
0.000185
0.000625
0.001481
0.002652
0.003651
0.004064
0.004206
0.004752
0.005671
0.006385
0.006922
0.007741
0.008613
0.009242
0.010026
0.010726
0.011191
0.011779
0.011965
0.000000
0.000000
0.012502
0.012341
0.011804
0.011426
0.010786
0.010023
0.009397
0.008479
0.007592
0.006999
0.006214
0.005203
0.004589
0.004414
0.003966
0.002902
0.001652
0.000733
0.000258
0.000073
0.000016
0.000001
-0.000003
-0.000004
-0.000005
-0.000007
-0.000008
-0.000008
-0.000009
-0.000010
-0.000011
-0.000011
-0.000012
-0.000012
-0.000013
-0.000013
-0.000013
-0.000013
-0.000013
-0.000013
-0.000013
-0.000012
-0.000012
-0.000012
-0.000011
-0.000010
-0.000010
-0.000009
-0.000008
-0.000007
-0.000006
-0.000005
-0.000004
-0.000002
0.000002
0.000016
0.000069
0.000243
0.000689
0.001548
0.002713
0.003698
0.004104
0.004255
0.004813
0.005734
0.006443
0.006978
0.007786
0.008631
0.009222
0.009961
0.010616
0.011052
0.011654
0.011891
0.000000
0.000000
0.012211
0.012200
0.011630
0.011301
0.010748
0.010076
0.009524
0.008661
0.007801
0.007219
0.006440
0.005426
0.004794
0.004605
0.004159
0.003105
0.001858
0.000933
0.000449
0.000257
0.000195
0.000176
0.000168
0.000163
0.000159
0.000154
0.000150
0.000146
0.000143
0.000139
0.000136
0.000134
0.000131
0.000129
0.000128
0.000126
0.000125
0.000125
0.000124
0.000124
0.000125
0.000125
0.000126
0.000127
0.000129
0.000131
0.000133
0.000135
0.000138
0.000141
0.000144
0.000148
0.000151
0.000155
0.000160
0.000167
0.000184
0.000242
0.000422
0.000876
0.001740
0.002900
0.003875
0.004279
0.004442
0.005014
0.005937
0.006639
0.007162
0.007946
0.008742
0.009270
0.009934
0.010522
0.010926
0.011566
0.011665
0.000000
0.000000
0.011551
0.011711
0.011411
0.011200
0.010789
0.010267
0.009840
0.009072
0.008273
0.007722
0.006963
0.005951
0.005304
0.005098
0.004651
0.003605
0.002360
0.001427
0.000932
0.000731
0.000661
0.000636
0.000622
0.000610
0.000600
0.000590
0.000580
0.000570
0.000562
0.000553
0.000546
0.000539
0.000533
0.000527
0.000523
0.000519
0.000516
0.000513
0.000512
0.000511
0.000511
0.000511
0.000513
0.000515
0.000518
0.000521
0.000526
0.000531
0.000536
0.000542
0.000549
0.000556
0.000564
0.000572
0.000580
0.000589
0.000600
0.000622
0.000686
0.000874
0.001336
0.002207
0.003365
0.004331
0.004734
0.004912
0.005497
0.006416
0.007100
0.007595
0.008325
0.009038
0.009458
0.009994
0.010465
0.010767
0.011122
0.011014
0.000000
0.000000
0.011667
0.011548
0.011267
0.011168
0.010959
0.010645
0.010394
0.009769
0.009074
0.008589
0.007874
0.006882
0.006230
0.006014
0.005570
0.004536
0.003295
0.002357
0.001853
0.001645
0.001570
0.001539
0.001520
0.001504
0.001488
0.001472
0.001457
0.001442
0.001428
0.001414
0.001401
0.001389
0.001378
0.001369
0.001360
0.001352
0.001346
0.001341
0.001337
0.001334
0.001333
0.001332
0.001333
0.001335
0.001338
0.001343
0.001348
0.001354
0.001361
0.001369
0.001378
0.001387
0.001397
0.001407
0.001417
0.001428
0.001439
0.001452
0.001477
0.001544
0.001736
0.002205
0.003079
0.004232
0.005186
0.005584
0.005769
0.006358
0.007258
0.007902
0.008339
0.008978
0.009567
0.009833
0.010186
0.010480
0.010653
0.010943
0.011068
0.000000
0.000000
0.012092
0.012090
0.011678
0.011628
0.011308
0.011141
0.011049
0.010573
0.010006
0.009616
0.008975
0.008032
0.007397
0.007188
0.006765
0.005756
0.004531
0.003596
0.003093
0.002886
0.002814
0.002787
0.002772
0.002759
0.002746
0.002732
0.002718
0.002704
0.002691
0.002677
0.002664
0.002652
0.002640
0.002629
0.002619
0.002610
0.002601
0.002594
0.002588
0.002583
0.002579
0.002576
0.002574
0.002573
0.002574
0.002575
0.002576
0.002579
0.002582
0.002586
0.002590
0.002595
0.002600
0.002604
0.002609
0.002614
0.002618
0.002622
0.002628
0.002646
0.002707
0.002896
0.003363
0.004232
0.005370
0.006300
0.006678
0.006855
0.007428
0.008286
0.008866
0.009219
0.009748
0.010211
0.010339
0.010570
0.010952
0.011034
0.011419
0.011422
0.000000
0.000000
0.012659
0.012838
0.012638
0.012493
0.011854
0.011554
0.011475
0.011066
0.010602
0.010310
0.009757
0.008886
0.008292
0.008113
0.007727
0.006757
0.005558
0.004635
0.004138
0.003939
0.003878
0.003864
0.003862
0.003862
0.003862
0.003861
0.003859
0.003856
0.003853
0.003849
0.003845
0.003840
0.003836
0.003831
0.003825
0.003820
0.003815
0.003809
0.003804
0.003798
0.003792
0.003787
0.003781
0.003775
0.003769
0.003763
0.003757
0.003751
0.003744
0.003738
0.003730
0.003722
0.003714
0.003705
0.003695
0.003685
0.003674
0.003662
0.003651
0.003642
0.003645
0.003693
0.003873
0.004332
0.005191
0.006305
0.007198
0.007542
0.007694
0.008232
0.009030
0.009538
0.009812
0.010259
0.010671
0.010796
0.011162
0.011802
0.011913
0.012074
0.011904
0.000000
0.000000
0.013132
0.013357
0.013423
0.013294
0.012689
0.011873
0.011506
0.011009
0.010586
0.010372
0.009907
0.009121
0.008586
0.008447
0.008102
0.007172
0.005994
0.005075
0.004578
0.004380
0.004324
0.004317
0.004325
0.004335
0.004345
0.004355
0.004365
0.004373
0.004381
0.004388
0.004394
0.004400
0.004404
0.004407
0.004409
0.004410
0.004409
0.004408
0.004405
0.004402
0.004397
0.004390
0.004383
0.004374
0.004364
0.004353
0.004341
0.004327
0.004312
0.004296
0.004279
0.004261
0.004242
0.004221
0.004200
0.004177
0.004154
0.004131
0.004107
0.004084
0.004065
0.004059
0.004102
0.004280
0.004740
0.005595
0.006691
0.007550
0.007859
0.007978
0.008469
0.009200
0.009640
0.009857
0.010279
0.010779
0.011162
0.011964
0.012511
0.012577
0.012485
0.012268
0.000000
0.000000
0.013504
0.013611
0.013886
0.014027
0.013376
0.012379
0.011497
0.010746
0.010305
0.010155
0.009784
0.009108
0.008658
0.008571
0.008267
0.007367
0.006200
0.005274
0.004760
0.004549
0.004482
0.004468
0.004469
0.004475
0.004481
0.004488
0.004496
0.004503
0.004509
0.004515
0.004521
0.004526
0.004530
0.004534
0.004536
0.004538
0.004538
0.004538
0.004536
0.004533
0.004529
0.004523
0.004517
0.004508
0.004499
0.004488
0.004476
0.004463
0.004449
0.004434
0.004417
0.004400
0.004382
0.004362
0.004342
0.004321
0.004300
0.004279
0.004257
0.004236
0.004216
0.004201
0.004202
0.004254
0.004445
0.004921
0.005784
0.006872
0.007706
0.007982
0.008060
0.008483
0.009127
0.009495
0.009665
0.010113
0.010849
0.011688
0.012606
0.013153
0.012958
0.012666
0.012563
0.000000
0.000000
0.014173
0.014211
0.014405
0.014665
0.014132
0.013312
0.012116
0.010985
0.010413
0.010263
0.009963
0.009415
0.009090
0.009087
0.008841
0.007984
0.006837
0.005908
0.005380
0.005151
0.005069
0.005042
0.005031
0.005025
0.005021
0.005018
0.005015
0.005013
0.005011
0.005008
0.005006
0.005004
0.005001
0.004999
0.004996
0.004993
0.004989
0.004985
0.004981
0.004976
0.004971
0.004965
0.004959
0.004952
0.004944
0.004936
0.004927
0.004918
0.004908
0.004897
0.004886
0.004874
0.004862
0.004850
0.004837
0.004823
0.004809
0.004795
0.004781
0.004766
0.004753
0.004741
0.004735
0.004747
0.004812
0.005018
0.005508
0.006377
0.007448
0.008247
0.008477
0.008486
0.008806
0.009348
0.009667
0.009848
0.010421
0.011501
0.012601
0.013301
0.013715
0.013405
0.013192
0.013195
0.000000
0.000000
0.015727
0.015150
0.015462
0.015471
0.015347
0.014844
0.013651
0.012148
0.011212
0.010816
0.010427
0.009946
0.009747
0.009850
0.009687
0.008902
0.007805
0.006898
0.006374
0.006142
0.006055
0.006023
0.006009
0.005999
0.005992
0.005987
0.005982
0.005977
0.005973
0.005968
0.005964
0.005960
0.005956
0.005952
0.005948
0.005943
0.005939
0.005934
0.005929
0.005923
0.005917
0.005910
0.005903
0.005896
0.005888
0.005879
0.005870
0.005861
0.005850
0.005840
0.005828
0.005817
0.005804
0.005791
0.005777
0.005763
0.005748
0.005733
0.005717
0.005701
0.005685
0.005670
0.005658
0.005652
0.005665
0.005733
0.005943
0.006431
0.007282
0.008312
0.009052
0.009215
0.009138
0.009355
0.009854
0.010275
0.010697
0.011612
0.013026
0.014090
0.014450
0.014469
0.014378
0.014085
0.014690
0.000000
0.000000
0.018419
0.017052
0.017002
0.017052
0.017047
0.016663
0.015622
0.013980
0.012545
0.011566
0.010800
0.010229
0.010099
0.010291
0.010212
0.009515
0.008493
0.007633
0.007130
0.006905
0.006822
0.006791
0.006777
0.006770
0.006765
0.006761
0.006759
0.006758
0.006757
0.006756
0.006756
0.006755
0.006754
0.006753
0.006752
0.006750
0.006748
0.006746
0.006742
0.006738
0.006733
0.006728
0.006721
0.006713
0.006704
0.006695
0.006684
0.006672
0.006660
0.006646
0.006632
0.006616
0.006600
0.006583
0.006564
0.006545
0.006525
0.006504
0.006483
0.006460
0.006438
0.006416
0.006395
0.006378
0.006368
0.006378
0.006444
0.006648
0.007120
0.007932
0.008899
0.009567
0.009663
0.009515
0.009684
0.010287
0.011083
0.012067
0.013453
0.014990
0.015895
0.016089
0.015958
0.015893
0.015974
0.017372
0.000000
0.000000
0.019378
0.018727
0.018706
0.018778
0.018417
0.018042
0.017024
0.015692
0.014121
0.012527
0.011181
0.010365
0.010231
0.010482
0.010475
0.009872
0.008947
0.008155
0.007686
0.007474
0.007393
0.007362
0.007346
0.007335
0.007326
0.007320
0.007314
0.007310
0.007306
0.007303
0.007301
0.007298
0.007296
0.007293
0.007291
0.007288
0.007285
0.007282
0.007278
0.007274
0.007269
0.007263
0.007257
0.007250
0.007241
0.007232
0.007222
0.007211
0.007200
0.007187
0.007174
0.007160
0.007145
0.007129
0.007112
0.007095
0.007076
0.007056
0.007036
0.007014
0.006993
0.006970
0.006949
0.006929
0.006912
0.006903
0.006914
0.006978
0.007173
0.007617
0.008371
0.009256
0.009845
0.009885
0.009692
0.009877
0.010727
0.012089
0.013670
0.015188
0.016440
0.017353
0.017592
0.017801
0.017692
0.017861
0.018728
0.000000
0.000000
0.022161
0.019796
0.019480
0.019660
0.019961
0.019064
0.017704
0.016742
0.015665
0.013936
0.012095
0.010918
0.010653
0.010879
0.010905
0.010400
0.009602
0.008913
0.008506
0.008324
0.008255
0.008227
0.008211
0.008197
0.008185
0.008173
0.008162
0.008153
0.008144
0.008136
0.008128
0.008121
0.008114
0.008108
0.008101
0.008095
0.008089
0.008082
0.008076
0.008069
0.008063
0.008056
0.008048
0.008041
0.008033
0.008025
0.008016
0.008007
0.007998
0.007988
0.007977
0.007966
0.007955
0.007942
0.007929
0.007915
0.007900
0.007883
0.007866
0.007848
0.007829
0.007809
0.007788
0.007768
0.007749
0.007732
0.007723
0.007730
0.007785
0.007956
0.008348
0.009011
0.009786
0.010293
0.010310
0.010148
0.010465
0.011669
0.013514
0.015227
0.016273
0.017178
0.018430
0.019213
0.018867
0.018737
0.019153
0.021592
0.000000
0.000000
0.026356
0.025016
0.022076
0.021239
0.021155
0.020342
0.018751
0.017666
0.016956
0.015534
0.013553
0.012012
0.011374
0.011347
0.011280
0.010836
0.010180
0.009632
0.009321
0.009196
0.009159
0.009150
0.009145
0.009139
0.009132
0.009123
0.009114
0.009106
0.009098
0.009091
0.009085
0.009079
0.009073
0.009067
0.009062
0.009056
0.009051
0.009045
0.009039
0.009033
0.009026
0.009019
0.009012
0.009004
0.008997
0.008989
0.008980
0.008972
0.008962
0.008953
0.008942
0.008931
0.008918
0.008905
0.008890
0.008875
0.008858
0.008841
0.008821
0.008801
0.008779
0.008755
0.008731
0.008705
0.008679
0.008653
0.008628
0.008607
0.008598
0.008626
0.008750
0.009058
0.009596
0.010243
0.010698
0.010806
0.010888
0.011565
0.013121
0.015103
0.016520
0.017213
0.018235
0.019721
0.020440
0.020492
0.021336
0.024240
0.025682
0.000000
0.000000
0.029699
0.028748
0.026762
0.024628
0.023017
0.021552
0.020284
0.018963
0.017915
0.016513
0.014680
0.013140
0.012198
0.011674
0.011326
0.010890
0.010386
0.010010
0.009823
0.009773
0.009782
0.009802
0.009817
0.009824
0.009824
0.009820
0.009814
0.009806
0.009799
0.009792
0.009785
0.009778
0.009772
0.009767
0.009761
0.009756
0.009751
0.009746
0.009740
0.009734
0.009727
0.009721
0.009714
0.009707
0.009699
0.009692
0.009684
0.009676
0.009668
0.009659
0.009649
0.009639
0.009627
0.009615
0.009601
0.009587
0.009571
0.009554
0.009536
0.009516
0.009495
0.009471
0.009446
0.009419
0.009390
0.009359
0.009326
0.009290
0.009254
0.009222
0.009212
0.009271
0.009468
0.009849
0.010354
0.010799
0.011171
0.011725
0.012686
0.014228
0.016069
0.017468
0.018491
0.019745
0.020932
0.022317
0.023848
0.025903
0.027930
0.029072
0.000000
0.000000
0.036084
0.032176
0.028645
0.027180
0.025779
0.022964
0.021029
0.019784
0.018210
0.016826
0.015103
0.013868
0.013097
0.012407
0.011576
0.011014
0.010649
0.010474
0.010433
0.010475
0.010542
0.010601
0.010642
0.010667
0.010678
0.010681
0.010677
0.010670
0.010661
0.010651
0.010641
0.010631
0.010622
0.010613
0.010604
0.010596
0.010588
0.010580
0.010572
0.010565
0.010557
0.010550
0.010543
0.010536
0.010529
0.010521
0.010514
0.010507
0.010500
0.010493
0.010485
0.010478
0.010469
0.010460
0.010451
0.010440
0.010429
0.010416
0.010402
0.010387
0.010370
0.010351
0.010329
0.010305
0.010277
0.010246
0.010209
0.010167
0.010117
0.010060
0.009998
0.009941
0.009920
0.009984
0.010178
0.010555
0.011113
0.011950
0.012642
0.013404
0.014624
0.016366
0.017735
0.019272
0.020472
0.022319
0.024997
0.026311
0.027793
0.031390
0.035412
0.000000
0.000000
0.042372
0.037243
0.034080
0.029294
0.027081
0.024526
0.021080
0.019421
0.018509
0.016693
0.015129
0.014278
0.013611
0.012885
0.012125
0.011287
0.010808
0.010824
0.010924
0.011053
0.011181
0.011288
0.011368
0.011423
0.011458
0.011478
0.011487
0.011490
0.011488
0.011484
0.011478
0.011472
0.011465
0.011459
0.011452
0.011445
0.011439
0.011433
0.011427
0.011421
0.011415
0.011409
0.011403
0.011397
0.011391
0.011385
0.011378
0.011372
0.011365
0.011358
0.011351
0.011343
0.011335
0.011326
0.011317
0.011306
0.011295
0.011283
0.011269
0.011253
0.011236
0.011216
0.011193
0.011167
0.011137
0.011101
0.011058
0.011007
0.010947
0.010874
0.010787
0.010688
0.010582
0.010487
0.010422
0.010440
0.010942
0.011781
0.012511
0.013180
0.013793
0.014584
0.016155
0.017999
0.018871
0.020492
0.023805
0.026254
0.028433
0.033154
0.036377
0.041701
0.000000
0.000000
0.052659
0.044798
0.037891
0.034013
0.028476
0.026532
0.021901
0.019224
0.018293
0.016543
0.014963
0.013908
0.013358
0.012884
0.012152
0.011256
0.010876
0.010986
0.011198
0.011375
0.011546
0.011693
0.011808
0.011893
0.011952
0.011991
0.012013
0.012024
0.012028
0.012026
0.012021
0.012015
0.012008
0.012001
0.011994
0.011987
0.011980
0.011973
0.011967
0.011961
0.011954
0.011948
0.011942
0.011937
0.011931
0.011925
0.011920
0.011915
0.011910
0.011905
0.011899
0.011894
0.011889
0.011883
0.011876
0.011869
0.011861
0.011852
0.011843
0.011831
0.011819
0.011804
0.011786
0.011765
0.011739
0.011707
0.011667
0.011617
0.011554
0.011476
0.011382
0.011271
0.011143
0.011007
0.010875
0.010710
0.010634
0.011021
0.011873
0.012553
0.012955
0.013431
0.014449
0.015995
0.017737
0.018668
0.021279
0.025778
0.027682
0.033094
0.037015
0.043891
0.051922
0.000000
0.000000
0.068232
0.053605
0.044580
0.036984
0.032026
0.028429
0.024713
0.019537
0.018235
0.016448
0.014529
0.013569
0.012974
0.012711
0.012225
0.011550
0.011073
0.011259
0.011712
0.011856
0.012020
0.012182
0.012323
0.012436
0.012522
0.012584
0.012626
0.012652
0.012666
0.012673
0.012674
0.012672
0.012667
0.012662
0.012657
0.012651
0.012645
0.012640
0.012634
0.012629
0.012623
0.012618
0.012612
0.012606
0.012601
0.012596
0.012592
0.012587
0.012584
0.012580
0.012577
0.012574
0.012571
0.012567
0.012563
0.012559
0.012553
0.012547
0.012539
0.012531
0.012521
0.012509
0.012494
0.012476
0.012453
0.012424
0.012386
0.012336
0.012274
0.012195
0.012099
0.011986
0.011858
0.011723
0.011601
0.011498
0.011071
0.010906
0.011385
0.012009
0.012424
0.012615
0.013159
0.014082
0.016006
0.017772
0.019038
0.024114
0.027754
0.031245
0.036198
0.043773
0.052803
0.066432
0.000000
0.000000
0.084306
0.065684
0.051529
0.041931
0.035681
0.029355
0.025935
0.021827
0.018878
0.017630
0.014941
0.013389
0.012725
0.012390
0.011965
0.011459
0.011106
0.011060
0.011705
0.011983
0.012086
0.012235
0.012383
0.012512
0.012617
0.012698
0.012758
0.012799
0.012827
0.012845
0.012855
0.012860
0.012862
0.012862
0.012861
0.012858
0.012855
0.012852
0.012848
0.012844
0.012841
0.012837
0.012833
0.012830
0.012827
0.012823
0.012820
0.012818
0.012815
0.012813
0.012811
0.012809
0.012806
0.012804
0.012802
0.012799
0.012795
0.012791
0.012786
0.012780
0.012773
0.012763
0.012751
0.012735
0.012715
0.012689
0.012655
0.012611
0.012555
0.012482
0.012393
0.012285
0.012161
0.012031
0.011911
0.011844
0.011566
0.010931
0.011007
0.011354
0.011801
0.012160
0.012460
0.013090
0.014648
0.017383
0.018594
0.021453
0.025504
0.028857
0.035092
0.041217
0.050774
0.065352
0.078030
0.000000
0.000000
0.000000
0.000000
0.000000
0.000000
0.000000
0.000000
0.000000
0.000000
0.000000
0.000000
0.000000
0.000000
0.000000
0.000000
0.000000
0.000000
0.000000
0.000000
0.000000
0.000000
0.000000
0.000000
0.000000
0.000000
0.000000
0.000000
0.000000
0.000000
0.000000
0.000000
0.000000
0.000000
0.000000
0.000000
0.000000
0.000000
0.000000
0.000000
0.000000
0.000000
0.000000
0.000000
0.000000
0.000000
0.000000
0.000000
0.000000
0.000000
0.000000
0.000000
0.000000
0.000000
0.000000
0.000000
0.000000
0.000000
0.000000
0.000000
0.000000
0.000000
0.000000
0.000000
0.000000
0.000000
0.000000
0.000000
0.000000
0.000000
0.000000
0.000000
0.000000
0.000000
0.000000
0.000000
0.000000
0.000000
0.000000
0.000000
0.000000
0.000000
0.000000
0.000000
0.000000
0.000000
0.000000
0.000000
0.000000
0.000000
0.000000
0.000000
0.000000
0.000000
0.000000
0.000000
0.000000
0.000000
0.000000
