0.004978
0.112006
0.119870
0.034607
0.090453
0.092103
0.046041
0.090635
0.064908
0.066274
0.051645
0.091106
0.072262
0.048032
0.053573
0.055125
0.091958
0.078280
0.057107
0.037455
0.045092
0.057699
0.092718
0.082291
0.065882
0.045837
0.030458
0.039109
0.059735
0.093381
0.085109
0.072215
0.055440
0.037567
0.025586
0.034679
0.061422
0.093971
0.087213
0.076874
0.062968
0.047000
0.031460
0.022026
0.031263
0.062870
0.094516
0.088865
0.080400
0.068860
0.054923
0.040285
0.026873
0.019324
0.028532
0.064151
0.095033
0.090220
0.083156
0.073505
0.061483
0.048115
0.034956
0.023354
0.017212
0.026285
0.065311
0.095532
0.091370
0.085377
0.077221
0.066884
0.054915
0.042433
0.030703
0.020594
0.015519
0.024396
0.066381
0.096021
0.092375
0.087218
0.080248
0.071340
0.060742
0.049186
0.037715
0.027273
0.018387
0.014134
0.022780
0.067385
0.096504
0.093276
0.088783
0.082762
0.075045
0.065705
0.055179
0.044249
0.033792
0.024473
0.016590
0.012982
0.021381
0.068340
0.096986
0.094101
0.090144
0.084890
0.078162
0.069932
0.060439
0.050223
0.040017
0.030515
0.022162
0.015105
0.012010
0.020153
0.067871
0.097470
0.094870
0.091352
0.086724
0.080816
0.073550
0.065031
0.055608
0.045851
0.036396
0.027761
0.020231
0.013861
0.011180
0.019068
0.069046
0.094151
0.095599
0.092444
0.088333
0.083108
0.076669
0.069036
0.060421
0.051235
0.042018
0.033293
0.025431
0.018603
0.012807
0.010467
0.018098
0.069853
0.091132
0.092949
0.093450
0.089769
0.085117
0.079383
0.072540
0.064701
0.056148
0.047311
0.038667
0.030626
0.023445
0.017215
0.011906
0.009843
0.017230
0.070281
0.088088
0.090243
0.091404
0.091073
0.086902
0.081769
0.075620
0.068503
0.060600
0.052234
0.043814
0.035742
0.028328
0.021742
0.016026
0.011129
0.009299
0.016441
0.070403
0.085070
0.087465
0.089018
0.089574
0.088513
0.083892
0.078349
0.071887
0.064618
0.056772
0.048680
0.040710
0.033188
0.026340
0.020275
0.015000
0.010455
0.008821
0.015716
0.070287
0.082121
0.084677
0.086525
0.087510
0.087507
0.085806
0.080787
0.074911
0.068239
0.060928
0.053235
0.045475
0.037964
0.030958
0.024618
0.019006
0.014109
0.009866
0.008396
0.015046
0.069993
0.079271
0.081930
0.083988
0.085306
0.085754
0.085239
0.082985
0.077628
0.071505
0.064719
0.057462
0.049994
0.042599
0.035539
0.029009
0.023119
0.017902
0.013331
0.009346
0.008007
0.014458
0.069562
0.076568
0.079272
0.081458
0.083023
0.083831
0.083779
0.082805
0.080085
0.074459
0.068172
0.061364
0.054239
0.047045
0.040028
0.033399
0.027303
0.021813
0.016942
0.012658
0.008897
0.007657
0.013928
0.069028
0.074007
0.076711
0.078987
0.080711
0.081796
0.082123
0.081614
0.080239
0.077143
0.071320
0.064953
0.058200
0.051267
0.044376
0.037737
0.031513
0.025811
0.020678
0.016114
0.012075
0.008484
0.007342
0.013460
0.068423
0.071602
0.074269
0.076580
0.078415
0.079705
0.080331
0.080209
0.079293
0.077580
0.074196
0.068251
0.061879
0.055246
0.048546
0.041975
0.035702
0.029855
0.024509
0.019692
0.015389
0.011558
0.008114
0.007062
0.013050
0.067774
0.069367
0.071968
0.074278
0.076202
0.077601
0.078454
0.078646
0.078118
0.076852
0.074868
0.071284
0.065286
0.058975
0.052512
0.046073
0.039824
0.033901
0.028400
0.023374
0.018835
0.014762
0.011074
0.007786
0.006819
0.012691
0.067105
0.067295
0.069812
0.072079
0.074019
0.075529
0.076539
0.076975
0.076769
0.075886
0.074331
0.072145
0.068440
0.062455
0.056258
0.050001
0.043838
0.037906
0.032311
0.027125
0.022381
0.018079
0.014186
0.010656
0.007502
0.006603
0.012389
0.066437
0.065398
0.067816
0.070023
0.071950
0.073529
0.074627
0.075244
0.075294
0.074733
0.073551
0.071772
0.069449
0.065699
0.059781
0.053740
0.047713
0.041830
0.036202
0.030910
0.026007
0.021512
0.017418
0.013672
0.010293
0.007254
0.006417
0.012134
0.065783
0.063665
0.065972
0.068099
0.069983
0.071559
0.072744
0.073495
0.073741
0.073441
0.072575
0.071153
0.069214
0.066816
0.063085
0.057279
0.051425
0.045641
0.040035
0.034693
0.029678
0.025025
0.020745
0.016831
0.013234
0.009975
0.007038
0.006257
0.011924
0.065159
0.062102
0.064294
0.066327
0.068155
0.069719
0.070965
0.071762
0.072148
0.072051
0.071447
0.070333
0.068734
0.066695
0.064278
0.060620
0.054962
0.049315
0.043777
0.038437
0.033361
0.028597
0.024170
0.020086
0.016303
0.012846
0.009700
0.006856
0.006125
0.011753
0.064580
0.060706
0.062779
0.064707
0.066452
0.067971
0.069203
0.070068
0.070552
0.070608
0.070212
0.069354
0.068050
0.066332
0.064249
0.061861
0.058320
0.052835
0.047404
0.042110
0.037021
0.032190
0.027650
0.023417
0.019496
0.015854
0.012515
0.009470
0.006703
0.006013
0.011632
0.064051
0.059469
0.061420
0.063245
0.064901
0.066354
0.067563
0.068471
0.068991
0.069148
0.068907
0.068258
0.067202
0.065765
0.063983
0.061905
0.059586
0.056193
0.050897
0.045686
0.040627
0.035773
0.031164
0.026824
0.022764
0.018981
0.015468
0.012241
0.009280
0.006575
0.005928
0.011546
0.063582
0.058390
0.060226
0.061936
0.063502
0.064876
0.066032
0.066935
0.067479
0.067703
0.067574
0.067083
0.066231
0.065032
0.063516
0.061719
0.059687
0.057467
0.054247
0.049147
0.044153
0.039317
0.034679
0.030270
0.026108
0.022205
0.018546
0.015152
0.012013
0.009121
0.006479
0.005860
0.011504
0.063178
0.057459
0.059185
0.060786
0.062243
0.063539
0.064626
0.065479
0.066040
0.066304
0.066247
0.065869
0.065175
0.064172
0.062883
0.061336
0.059567
0.057613
0.055515
0.052482
0.047581
0.042796
0.038168
0.033728
0.029498
0.025494
0.021737
0.018191
0.014889
0.011824
0.009004
0.006402
0.005815
0.011507
0.062846
0.056673
0.058296
0.059792
0.061147
0.062344
0.063366
0.064173
0.064742
0.064978
0.064954
0.064650
0.064069
0.063222
0.062120
0.060788
0.059253
0.057546
0.055696
0.053736
0.050898
0.046192
0.041606
0.037172
0.032912
0.028846
0.024987
0.021329
0.017890
0.014673
0.011689
0.008915
0.006352
0.005791
0.011558
0.062590
0.056030
0.057552
0.058948
0.060202
0.061301
0.062231
0.062975
0.063500
0.063731
0.063716
0.063455
0.062951
0.062217
0.061266
0.060113
0.058780
0.057292
0.055673
0.053945
0.052132
0.049491
0.044973
0.040574
0.036317
0.032219
0.028295
0.024554
0.021005
0.017656
0.014525
0.011592
0.008858
0.006326
0.005791
0.011655
0.062409
0.055524
0.056950
0.058249
0.059407
0.060411
0.061248
0.061907
0.062367
0.062581
0.062562
0.062314
0.061854
0.061196
0.060355
0.059344
0.058181
0.056883
0.055470
0.053958
0.052365
0.050703
0.048256
0.043917
0.039691
0.035592
0.031636
0.027835
0.024214
0.020759
0.017497
0.014421
0.011530
0.008830
0.006324
0.005812
0.011793
0.062306
0.055157
0.056491
0.057697
0.058762
0.059676
0.060427
0.061005
0.061396
0.061574
0.061513
0.061251
0.060803
0.060188
0.059420
0.058517
0.057489
0.056351
0.055117
0.053799
0.052410
0.050957
0.049448
0.047190
0.043018
0.038949
0.034995
0.031168
0.027484
0.023964
0.020588
0.017388
0.014359
0.011506
0.008834
0.006347
0.005860
0.011971
0.062285
0.054923
0.056177
0.057294
0.058270
0.059096
0.059760
0.060254
0.060572
0.060706
0.060578
0.060280
0.059821
0.059220
0.058496
0.057663
0.056737
0.055727
0.054644
0.053496
0.052290
0.051031
0.049722
0.048364
0.046286
0.042270
0.038347
0.034526
0.030820
0.027239
0.023783
0.020481
0.017333
0.014345
0.011523
0.008872
0.006396
0.005925
0.012197
0.062349
0.054817
0.056003
0.057040
0.057929
0.058664
0.059239
0.059646
0.059880
0.059934
0.059764
0.059416
0.058927
0.058317
0.057608
0.056817
0.055959
0.055046
0.054083
0.053077
0.052032
0.050947
0.049824
0.048658
0.047446
0.045541
0.041669
0.037879
0.034178
0.030570
0.027062
0.023689
0.020443
0.017340
0.014385
0.011585
0.008943
0.006465
0.006007
0.012488
0.062500
0.054846
0.055965
0.056931
0.057737
0.058383
0.058868
0.059188
0.059338
0.059310
0.059076
0.058675
0.058139
0.057500
0.056783
0.056007
0.055189
0.054340
0.053467
0.052575
0.051664
0.050731
0.049774
0.048787
0.047762
0.046691
0.044948
0.041208
0.037537
0.033936
0.030413
0.026991
0.023671
0.020470
0.017403
0.014474
0.011685
0.009042
0.006556
0.006116
0.012834
0.062738
0.055002
0.056064
0.056963
0.057697
0.058262
0.058659
0.058889
0.058948
0.058832
0.058530
0.058066
0.057473
0.056788
0.056041
0.055256
0.054451
0.053639
0.052827
0.052020
0.051215
0.050410
0.049598
0.048771
0.047918
0.047030
0.046094
0.044503
0.040881
0.037312
0.033801
0.030359
0.027000
0.023726
0.020568
0.017528
0.014611
0.011822
0.009171
0.006676
0.006249
0.013242
0.063065
0.055294
0.056303
0.057140
0.057804
0.058294
0.058607
0.058747
0.058719
0.058519
0.058142
0.057599
0.056937
0.056194
0.055401
0.054587
0.053771
0.052970
0.052191
0.051440
0.050715
0.050011
0.049320
0.048632
0.047935
0.047215
0.046458
0.045650
0.044199
0.040681
0.037204
0.033774
0.030396
0.027091
0.023862
0.020734
0.017711
0.014795
0.011999
0.009337
0.006824
0.006409
0.013714
0.063483
0.055720
0.056681
0.057463
0.058061
0.058479
0.058716
0.058771
0.058651
0.058364
0.057911
0.057278
0.056538
0.055726
0.054875
0.054015
0.053170
0.052357
0.051587
0.050865
0.050192
0.049563
0.048968
0.048396
0.047833
0.047265
0.046673
0.046041
0.045353
0.044031
0.040608
0.037214
0.033853
0.030534
0.027264
0.024073
0.020968
0.017949
0.015029
0.012223
0.009543
0.007003
0.006602
0.014247
0.063995
0.056288
0.057211
0.057939
0.058478
0.058821
0.058981
0.058952
0.058741
0.058361
0.057818
0.057104
0.056281
0.055392
0.054472
0.053555
0.052664
0.051820
0.051037
0.050321
0.049674
0.049093
0.048568
0.048087
0.047636
0.047198
0.046755
0.046286
0.045774
0.045199
0.043997
0.040659
0.037339
0.034039
0.030765
0.027531
0.024364
0.021268
0.018248
0.015321
0.012498
0.009790
0.007221
0.006821
0.014857
0.064608
0.057005
0.057898
0.058578
0.059053
0.059329
0.059404
0.059294
0.058995
0.058518
0.057880
0.057080
0.056168
0.055196
0.054200
0.053213
0.052265
0.051375
0.050560
0.049829
0.049185
0.048627
0.048147
0.047732
0.047369
0.047039
0.046722
0.046400
0.046050
0.045650
0.045183
0.044093
0.040830
0.037574
0.034325
0.031089
0.027882
0.024735
0.021640
0.018616
0.015676
0.012823
0.010087
0.007471
0.007074
0.015557
0.065325
0.057880
0.058740
0.059378
0.059792
0.059995
0.059994
0.059793
0.059406
0.058833
0.058094
0.057202
0.056202
0.055141
0.054061
0.052998
0.051980
0.051032
0.050170
0.049406
0.048746
0.048188
0.047729
0.047355
0.047054
0.046808
0.046597
0.046400
0.046194
0.045956
0.045665
0.045300
0.044315
0.041117
0.037915
0.034709
0.031507
0.028323
0.025182
0.022088
0.019056
0.016089
0.013210
0.010428
0.007761
0.007369
0.016356
0.066150
0.058918
0.059745
0.060337
0.060696
0.060826
0.060741
0.060452
0.059969
0.059297
0.058449
0.057471
0.056380
0.055227
0.054058
0.052911
0.051816
0.050798
0.049877
0.049066
0.048372
0.047796
0.047334
0.046980
0.046717
0.046531
0.046401
0.046307
0.046224
0.046130
0.046000
0.045812
0.045544
0.044655
0.041515
0.038360
0.035192
0.032018
0.028853
0.025713
0.022613
0.019562
0.016572
0.013653
0.010820
0.008104
0.007713
0.017258
0.067088
0.060132
0.060923
0.061466
0.061764
0.061822
0.061652
0.061271
0.060689
0.059919
0.058966
0.057888
0.056700
0.055452
0.054189
0.052952
0.051773
0.050678
0.049688
0.048817
0.048074
0.047463
0.046981
0.046623
0.046377
0.046227
0.046155
0.046139
0.046158
0.046186
0.046199
0.046172
0.046083
0.045908
0.045108
0.042018
0.038906
0.035772
0.032623
0.029466
0.026317
0.023213
0.020146
0.017125
0.014161
0.011281
0.008506
0.008113
0.018271
0.068145
0.061533
0.062285
0.062775
0.063005
0.062985
0.062725
0.062245
0.061564
0.060688
0.059636
0.058446
0.057156
0.055809
0.054449
0.053118
0.051849
0.050670
0.049602
0.048662
0.047860
0.047199
0.046681
0.046301
0.046050
0.045915
0.045877
0.045918
0.046014
0.046141
0.046276
0.046392
0.046464
0.046469
0.046385
0.045668
0.042623
0.039548
0.036443
0.033310
0.030160
0.027010
0.023898
0.020811
0.017755
0.014749
0.011815
0.008974
0.008571
0.019412
0.069328
0.063138
0.063842
0.064270
0.064426
0.064318
0.063960
0.063370
0.062576
0.061600
0.060438
0.059136
0.057738
0.056288
0.054829
0.053401
0.052038
0.050770
0.049619
0.048603
0.047731
0.047010
0.046443
0.046026
0.045751
0.045609
0.045585
0.045659
0.045809
0.046013
0.046246
0.046483
0.046698
0.046866
0.046963
0.046965
0.046327
0.043323
0.040281
0.037201
0.034088
0.030950
0.027786
0.024674
0.021564
0.018473
0.015422
0.012429
0.009517
0.009103
0.020692
0.070643
0.064955
0.065606
0.065957
0.066025
0.065821
0.065357
0.064652
0.063724
0.062611
0.061359
0.059947
0.058438
0.056881
0.055318
0.053790
0.052331
0.050971
0.049732
0.048633
0.047686
0.046897
0.046269
0.045801
0.045489
0.045323
0.045290
0.045375
0.045559
0.045816
0.046124
0.046459
0.046795
0.047106
0.047367
0.047552
0.047640
0.047077
0.044109
0.041096
0.038040
0.034943
0.031810
0.028675
0.025543
0.022406
0.019284
0.016186
0.013134
0.010149
0.009711
0.022133
0.072093
0.067006
0.067582
0.067843
0.067803
0.067481
0.066898
0.066072
0.065023
0.063765
0.062390
0.060866
0.059243
0.057574
0.055904
0.054273
0.052715
0.051260
0.049930
0.048745
0.047717
0.046853
0.046157
0.045630
0.045267
0.045062
0.045004
0.045080
0.045273
0.045561
0.045922
0.046331
0.046765
0.047197
0.047601
0.047952
0.048225
0.048398
0.047907
0.044971
0.041987
0.038956
0.035880
0.032780
0.029649
0.026477
0.023330
0.020183
0.017048
0.013943
0.010882
0.010418
0.023737
0.073683
0.069301
0.069783
0.069930
0.069763
0.069305
0.068582
0.067613
0.066436
0.065053
0.063525
0.061876
0.060135
0.058350
0.056569
0.054832
0.053174
0.051623
0.050200
0.048927
0.047815
0.046871
0.046102
0.045507
0.045084
0.044828
0.044731
0.044780
0.044961
0.045258
0.045648
0.046111
0.046618
0.047146
0.047672
0.048168
0.048608
0.048969
0.049228
0.048807
0.045903
0.042949
0.039946
0.036901
0.033813
0.030676
0.027500
0.024352
0.021185
0.018020
0.014861
0.011730
0.011225
0.025527
0.075411
0.071841
0.072202
0.072211
0.071894
0.071278
0.070393
0.069267
0.067904
0.066417
0.064744
0.062955
0.061089
0.059187
0.057294
0.055449
0.053688
0.052039
0.050525
0.049162
0.047964
0.046939
0.046092
0.045424
0.044935
0.044619
0.044470
0.044478
0.044631
0.044916
0.045313
0.045803
0.046364
0.046966
0.047588
0.048205
0.048790
0.049320
0.049770
0.050116
0.049764
0.046891
0.043968
0.040995
0.037972
0.034896
0.031773
0.028639
0.025459
0.022288
0.019096
0.015894
0.012701
0.012144
0.027517
0.077270
0.074638
0.074839
0.074678
0.074182
0.073389
0.072320
0.071018
0.069513
0.067843
0.066023
0.064087
0.062086
0.060061
0.058053
0.056100
0.054236
0.052489
0.050882
0.049430
0.048146
0.047039
0.046113
0.045370
0.044808
0.044425
0.044216
0.044172
0.044283
0.044538
0.044922
0.045417
0.046002
0.046655
0.047352
0.048066
0.048773
0.049450
0.050071
0.050611
0.051047
0.050764
0.047921
0.045029
0.042084
0.039085
0.036036
0.032955
0.029825
0.026655
0.023480
0.020273
0.017049
0.013808
0.013187
0.029704
0.079244
0.077679
0.077683
0.077312
0.076609
0.075599
0.074346
0.072826
0.071165
0.069315
0.067329
0.065244
0.063101
0.060947
0.058821
0.056758
0.054791
0.052947
0.051248
0.049710
0.048342
0.047154
0.046148
0.045328
0.044692
0.044238
0.043962
0.043857
0.043915
0.044126
0.044479
0.044958
0.045545
0.046222
0.046966
0.047755
0.048561
0.049359
0.050128
0.050841
0.051475
0.052005
0.051789
0.048977
0.046114
0.043200
0.040235
0.037226
0.034169
0.031067
0.027937
0.024740
0.021558
0.018321
0.015060
0.014346
0.032083
0.081301
0.080953
0.080717
0.080100
0.079145
0.077909
0.076390
0.074717
0.072838
0.070801
0.068638
0.066392
0.064105
0.061817
0.059569
0.057396
0.055327
0.053389
0.051601
0.049977
0.048528
0.047261
0.046178
0.045282
0.044571
0.044044
0.043697
0.043525
0.043521
0.043677
0.043984
0.044429
0.044998
0.045674
0.046440
0.047273
0.048150
0.049050
0.049941
0.050803
0.051612
0.052343
0.052971
0.052823
0.050040
0.047209
0.044330
0.041404
0.038429
0.035409
0.032350
0.029237
0.026112
0.022914
0.019707
0.016439
0.015611
0.034635
0.083390
0.084427
0.083904
0.082999
0.081775
0.080250
0.078530
0.076606
0.074508
0.072265
0.069915
0.067501
0.065062
0.062639
0.060268
0.057985
0.055817
0.053787
0.051912
0.050207
0.048680
0.047337
0.046180
0.045210
0.044427
0.043827
0.043408
0.043165
0.043093
0.043186
0.043435
0.043832
0.044364
0.045019
0.045781
0.046631
0.047551
0.048517
0.049506
0.050494
0.051455
0.052363
0.053196
0.053928
0.053849
0.051095
0.048296
0.045452
0.042563
0.039629
0.036654
0.033635
0.030589
0.027490
0.024360
0.021162
0.017934
0.016952
0.037337
0.085434
0.088051
0.087201
0.085969
0.084418
0.082641
0.080645
0.078462
0.076126
0.073667
0.071123
0.068534
0.065940
0.063379
0.060887
0.058495
0.056229
0.054111
0.052155
0.050373
0.048773
0.047359
0.046132
0.045093
0.044240
0.043570
0.043080
0.042766
0.042623
0.042646
0.042830
0.043166
0.043646
0.044260
0.044996
0.045838
0.046771
0.047775
0.048829
0.049910
0.050995
0.052058
0.053072
0.054014
0.054857
0.054846
0.052120
0.049352
0.046542
0.043691
0.040800
0.037871
0.034912
0.031916
0.028886
0.025805
0.022690
0.019499
0.018323
0.040182
0.087301
0.091800
0.090566
0.088978
0.087105
0.084996
0.082696
0.080235
0.077647
0.074963
0.072219
0.069453
0.066702
0.064004
0.061392
0.058894
0.056535
0.054332
0.052300
0.050448
0.048781
0.047302
0.046012
0.044909
0.043991
0.043255
0.042696
0.042312
0.042098
0.042050
0.042162
0.042430
0.042846
0.043404
0.044093
0.044904
0.045822
0.046834
0.047920
0.049062
0.050236
0.051420
0.052588
0.053716
0.054774
0.055734
0.055793
0.053094
0.050354
0.047574
0.044758
0.041908
0.039032
0.036129
0.033201
0.030241
0.027250
0.024203
0.021099
0.019692
0.043201
0.088700
0.095585
0.093955
0.091962
0.089707
0.087243
0.084620
0.081867
0.079019
0.076106
0.073161
0.070217
0.067311
0.064478
0.061750
0.059150
0.056703
0.054423
0.052321
0.050406
0.048679
0.047143
0.045797
0.044637
0.043660
0.042863
0.042241
0.041791
0.041508
0.041387
0.041426
0.041620
0.041964
0.042453
0.043081
0.043839
0.044719
0.045709
0.046796
0.047963
0.049191
0.050460
0.051747
0.053026
0.054272
0.055453
0.056540
0.056668
0.053993
0.051276
0.048521
0.045734
0.042922
0.040092
0.037249
0.034393
0.031521
0.028620
0.025675
0.022666
0.020965
0.046663
0.089167
0.099324
0.097260
0.094821
0.092146
0.089306
0.086346
0.083298
0.080188
0.077046
0.073902
0.070785
0.067729
0.064767
0.061927
0.059234
0.056705
0.054356
0.052193
0.050222
0.048445
0.046861
0.045466
0.044257
0.043229
0.042378
0.041699
0.041188
0.040839
0.040650
0.040616
0.040734
0.041002
0.041414
0.041968
0.042657
0.043477
0.044420
0.045476
0.046633
0.047878
0.049193
0.050558
0.051951
0.053347
0.054718
0.056033
0.057256
0.057455
0.054798
0.052097
0.049357
0.046588
0.043802
0.041010
0.038220
0.035436
0.032656
0.029864
0.027034
0.024124
0.022125
0.050386
0.094249
0.109493
0.105799
0.101871
0.097866
0.093862
0.089892
0.085971
0.082107
0.078314
0.074610
0.071016
0.067555
0.064250
0.061121
0.058185
0.055453
0.052930
0.050620
0.048522
0.046631
0.044942
0.043450
0.042146
0.041025
0.040078
0.039301
0.038686
0.038227
0.037922
0.037766
0.037758
0.037893
0.038170
0.038588
0.039144
0.039837
0.040666
0.041627
0.042716
0.043927
0.045253
0.046683
0.048205
0.049804
0.051462
0.053159
0.054873
0.056573
0.057270
0.055432
0.053627
0.051866
0.050161
0.048521
0.046950
0.045444
0.043988
0.042546
0.041068
0.039478
0.037687
0.036157
0.069199
0.093389
0.110687
0.106315
0.101859
0.097432
0.093087
0.088835
0.084674
0.080604
0.076633
0.072778
0.069058
0.065496
0.062111
0.058921
0.055941
0.053178
0.050635
0.048312
0.046205
0.044306
0.042609
0.041106
0.039787
0.038644
0.037670
0.036856
0.036197
0.035686
0.035318
0.035091
0.035002
0.035048
0.035228
0.035542
0.035990
0.036572
0.037289
0.038143
0.039135
0.040265
0.041532
0.042933
0.044464
0.046118
0.047886
0.050360
0.051714
0.053741
0.055815
0.056877
0.055633
0.054456
0.053355
0.052335
0.051394
0.050520
0.049690
0.048865
0.047984
0.046967
0.045714
0.044109
0.042112
0.073872
0.094465
0.114615
0.109239
0.103900
0.098703
0.093687
0.088853
0.084192
0.079696
0.075367
0.071213
0.067250
0.063493
0.059957
0.056653
0.053590
0.050770
0.048190
0.045844
0.043724
0.041819
0.040119
0.038613
0.037289
0.036137
0.035148
0.034315
0.033629
0.033082
0.032670
0.032390
0.032239
0.032216
0.032317
0.032544
0.032898
0.033380
0.033993
0.034741
0.035629
0.036663
0.037847
0.039186
0.040682
0.042340
0.044160
0.046141
0.048280
0.050571
0.053009
0.055583
0.057168
0.056694
0.056335
0.056094
0.055966
0.055937
0.055981
0.056057
0.056105
0.056044
0.055773
0.055099
0.054025
0.051895
0.079419
0.091944
0.112935
0.107185
0.101608
0.096249
0.091104
0.086158
0.081395
0.076809
0.072405
0.068194
0.064192
0.060417
0.056883
0.053599
0.050568
0.047791
0.045261
0.042970
0.040905
0.039053
0.037402
0.035940
0.034652
0.033528
0.032559
0.031737
0.031054
0.030501
0.030071
0.029763
0.029575
0.029505
0.029550
0.029711
0.029989
0.030386
0.030906
0.031554
0.032336
0.033261
0.034340
0.035581
0.036993
0.038587
0.040374
0.042365
0.044568
0.046992
0.049645
0.052535
0.055669
0.057855
0.058191
0.058666
0.059265
0.059966
0.060729
0.061504
0.062224
0.062800
0.063055
0.063015
0.062406
0.055459
0.047612
0.071345
0.090811
0.114074
0.107730
0.101593
0.095718
0.090107
0.084743
0.079614
0.074718
0.070057
0.065642
0.061487
0.057603
0.053999
0.050677
0.047635
0.044867
0.042362
0.040104
0.038077
0.036266
0.034654
0.033227
0.031970
0.030869
0.029914
0.029098
0.028415
0.027853
0.027403
0.027064
0.026835
0.026714
0.026698
0.026785
0.026977
0.027275
0.027684
0.028207
0.028848
0.029618
0.030530
0.031595
0.032823
0.034228
0.035827
0.037640
0.039681
0.041968
0.044519
0.047351
0.050482
0.053929
0.056430
0.057264
0.058258
0.059393
0.060637
0.061947
0.063261
0.064505
0.065505
0.066315
0.066680
0.060700
0.054170
0.046763
0.070669
0.087323
0.110294
0.103881
0.097745
0.091882
0.086266
0.080878
0.075714
0.070784
0.066103
0.061690
0.057561
0.053726
0.050192
0.046957
0.044016
0.041355
0.038960
0.036812
0.034892
0.033183
0.031664
0.030321
0.029139
0.028104
0.027202
0.026426
0.025776
0.025241
0.024806
0.024471
0.024235
0.024099
0.024061
0.024115
0.024264
0.024509
0.024856
0.025305
0.025862
0.026535
0.027337
0.028287
0.029395
0.030671
0.032143
0.033838
0.035782
0.038005
0.040542
0.043428
0.046703
0.050411
0.054597
0.057951
0.059757
0.061721
0.063798
0.065926
0.068034
0.069944
0.071735
0.073181
0.068188
0.062711
0.056689
0.050048
0.042539
0.062589
0.085524
0.110339
0.103383
0.096701
0.090325
0.084240
0.078436
0.072919
0.067705
0.062809
0.058248
0.054030
0.050158
0.046627
0.043425
0.040538
0.037949
0.035633
0.033570
0.031734
0.030105
0.028662
0.027387
0.026262
0.025279
0.024421
0.023673
0.023037
0.022519
0.022090
0.021747
0.021499
0.021332
0.021258
0.021265
0.021356
0.021533
0.021796
0.022149
0.022588
0.023133
0.023782
0.024556
0.025476
0.026536
0.027762
0.029191
0.030852
0.032776
0.035004
0.037583
0.040565
0.044004
0.047965
0.052518
0.056311
0.058714
0.061288
0.063975
0.066705
0.069294
0.071837
0.074126
0.069938
0.065329
0.060264
0.054693
0.048538
0.041559
0.061776
0.080688
0.105987
0.099183
0.092623
0.086298
0.080198
0.074338
0.068756
0.063493
0.058583
0.054046
0.049888
0.046107
0.042691
0.039619
0.036870
0.034421
0.032245
0.030316
0.028608
0.027096
0.025759
0.024577
0.023534
0.022617
0.021823
0.021128
0.020521
0.020019
0.019617
0.019276
0.019031
0.018855
0.018753
0.018724
0.018773
0.018893
0.019090
0.019360
0.019700
0.020123
0.020646
0.021254
0.022000
0.022857
0.023840
0.024995
0.026356
0.027940
0.029799
0.031983
0.034552
0.037576
0.041129
0.045301
0.050192
0.054440
0.057442
0.060619
0.063897
0.067087
0.070281
0.073268
0.069710
0.065716
0.061252
0.056275
0.050720
0.044492
0.037416
0.053733
0.078358
0.105307
0.097901
0.090697
0.083762
0.077116
0.070801
0.064868
0.059363
0.054311
0.049719
0.045577
0.041862
0.038547
0.035598
0.032982
0.030668
0.028627
0.026830
0.025247
0.023849
0.022618
0.021529
0.020569
0.019722
0.018980
0.018343
0.017781
0.017305
0.016918
0.016598
0.016358
0.016182
0.016069
0.016027
0.016042
0.016122
0.016265
0.016461
0.016726
0.017058
0.017470
0.017957
0.018551
0.019238
0.020019
0.020932
0.022025
0.023293
0.024788
0.026562
0.028676
0.031208
0.034245
0.037891
0.042265
0.047504
0.052289
0.055948
0.059795
0.063634
0.067572
0.071410
0.068673
0.065530
0.061953
0.057916
0.053392
0.048335
0.042669
0.036238
0.052758
0.073078
0.100397
0.093212
0.086080
0.079078
0.072292
0.065837
0.059814
0.054292
0.049298
0.044828
0.040854
0.037338
0.034235
0.031502
0.029097
0.026984
0.025132
0.023511
0.022090
0.020840
0.019736
0.018767
0.017904
0.017144
0.016477
0.015899
0.015389
0.014959
0.014608
0.014327
0.014098
0.013927
0.013810
0.013755
0.013753
0.013800
0.013897
0.014039
0.014240
0.014502
0.014822
0.015203
0.015653
0.016186
0.016796
0.017508
0.018354
0.019330
0.020482
0.021853
0.023488
0.025479
0.027903
0.030881
0.034546
0.039060
0.044602
0.049958
0.054258
0.058648
0.063230
0.067812
0.065836
0.063477
0.060688
0.057427
0.053654
0.049323
0.044377
0.038713
0.032204
0.044816
0.070215
0.099152
0.091128
0.083080
0.075244
0.067784
0.060850
0.054545
0.048915
0.043947
0.039599
0.035808
0.032508
0.029630
0.027122
0.024932
0.023018
0.021348
0.019895
0.018629
0.017518
0.016541
0.015671
0.014915
0.014229
0.013627
0.013106
0.012674
0.012288
0.011969
0.011722
0.011516
0.011353
0.011241
0.011176
0.011161
0.011189
0.011256
0.011361
0.011517
0.011725
0.011977
0.012281
0.012633
0.013047
0.013537
0.014096
0.014736
0.015501
0.016390
0.017436
0.018657
0.020164
0.021993
0.024275
0.027146
0.030788
0.035408
0.041238
0.047247
0.052086
0.057244
0.062553
0.061362
0.059861
0.057995
0.055711
0.052955
0.049685
0.045865
0.041466
0.036432
0.030707
0.043607
0.062811
0.095437
0.087448
0.079040
0.070688
0.062765
0.055535
0.049127
0.043555
0.038763
0.034660
0.031149
0.028138
0.025547
0.023309
0.021368
0.019679
0.018209
0.016935
0.015828
0.014861
0.014003
0.013246
0.012566
0.011958
0.011437
0.010978
0.010593
0.010255
0.009961
0.009735
0.009545
0.009386
0.009265
0.009186
0.009145
0.009139
0.009161
0.009215
0.009307
0.009437
0.009600
0.009804
0.010036
0.010308
0.010635
0.011014
0.011434
0.011939
0.012519
0.013181
0.013956
0.014896
0.016004
0.017390
0.019140
0.021416
0.024402
0.028340
0.033486
0.039078
0.044051
0.049435
0.055066
0.054285
0.053238
0.051861
0.050080
0.047819
0.045002
0.041562
0.037440
0.032555
0.026824
0.035852
0.058786
0.093958
0.084446
0.074396
0.064791
0.056100
0.048546
0.042147
0.036799
0.032346
0.028629
0.025512
0.022880
0.020641
0.018721
0.017064
0.015624
0.014365
0.013272
0.012330
0.011503
0.010780
0.010116
0.009527
0.009029
0.008582
0.008193
0.007863
0.007577
0.007328
0.007134
0.006971
0.006838
0.006733
0.006659
0.006620
0.006609
0.006622
0.006662
0.006731
0.006832
0.006959
0.007123
0.007309
0.007524
0.007784
0.008083
0.008420
0.008812
0.009259
0.009764
0.010345
0.011011
0.011804
0.012760
0.013913
0.015414
0.017405
0.020142
0.023955
0.029203
0.035356
0.041012
0.047075
0.046852
0.046477
0.045902
0.045063
0.043879
0.042256
0.040093
0.037299
0.033814
0.029624
0.024827
0.034174
0.051247
0.089386
0.078849
0.067385
0.056790
0.047729
0.040310
0.034351
0.029581
0.025740
0.022617
0.020047
0.017908
0.016108
0.014576
0.013260
0.012119
0.011120
0.010245
0.009492
0.008839
0.008252
0.007713
0.007252
0.006852
0.006500
0.006189
0.005926
0.005697
0.005499
0.005342
0.005209
0.005102
0.005019
0.004957
0.004919
0.004905
0.004911
0.004937
0.004986
0.005057
0.005146
0.005266
0.005404
0.005563
0.005755
0.005977
0.006226
0.006516
0.006842
0.007208
0.007625
0.008089
0.008636
0.009263
0.010007
0.010922
0.012084
0.013683
0.016003
0.019522
0.024742
0.031797
0.037975
0.038041
0.038048
0.037971
0.037777
0.037412
0.036803
0.035846
0.034406
0.032329
0.029472
0.025755
0.021241
0.026789
0.040456
0.090916
0.074784
0.060120
0.047802
0.038420
0.031412
0.026143
0.022109
0.018956
0.016439
0.014391
0.012695
0.011270
0.010055
0.009008
0.008094
0.007286
0.006562
0.005919
0.005365
0.004861
0.004420
0.004030
0.003694
0.003401
0.003143
0.002920
0.002727
0.002561
0.002429
0.002313
0.002221
0.002149
0.002098
0.002063
0.002043
0.002041
0.002055
0.002089
0.002142
0.002206
0.002291
0.002390
0.002510
0.002658
0.002830
0.003023
0.003241
0.003487
0.003757
0.004056
0.004381
0.004748
0.005149
0.005595
0.006084
0.006653
0.007328
0.008211
0.009511
0.011773
0.015768
0.022028
0.028243
0.028448
0.028623
0.028761
0.028847
0.028855
0.028739
0.028424
0.027785
0.026635
0.024735
0.021890
0.018313
0.023940
0.015987
0.088447
0.065542
0.048205
0.036163
0.028265
0.022855
0.018950
0.016005
0.013708
0.011864
0.010349
0.009079
0.007997
0.007062
0.006243
0.005517
0.004866
0.004269
0.003719
0.003228
0.002797
0.002420
0.002085
0.001793
0.001539
0.001318
0.001125
0.000956
0.000814
0.000699
0.000599
0.000517
0.000456
0.000416
0.000389
0.000373
0.000369
0.000383
0.000415
0.000464
0.000526
0.000601
0.000686
0.000792
0.000927
0.001086
0.001264
0.001464
0.001686
0.001933
0.002200
0.002491
0.002816
0.003166
0.003545
0.003950
0.004397
0.004886
0.005443
0.006071
0.006943
0.008496
0.012262
0.019714
0.019929
0.020121
0.020291
0.020439
0.020565
0.020663
0.020719
0.020706
0.020565
0.020192
0.019383
0.017824
0.014659
0.014765
0.004978
0.129051
0.086540
0.055953
0.041384
0.032072
0.025772
0.021290
0.017966
0.015398
0.013346
0.011664
0.010254
0.009052
0.008012
0.007102
0.006293
0.005571
0.004911
0.004297
0.003720
0.003220
0.002784
0.002400
0.002065
0.001769
0.001512
0.001290
0.001094
0.000923
0.000790
0.000669
0.000571
0.000493
0.000438
0.000404
0.000382
0.000369
0.000371
0.000397
0.000443
0.000499
0.000578
0.000659
0.000758
0.000889
0.001048
0.001230
0.001434
0.001660
0.001910
0.002186
0.002479
0.002807
0.003159
0.003540
0.003936
0.004364
0.004820
0.005309
0.005805
0.006317
0.006922
0.007572
0.010064
0.018633
0.018855
0.019057
0.019241
0.019411
0.019572
0.019729
0.019887
0.020046
0.020181
0.020212
0.020022
0.019597
0.014765
0.004978
0.000000
0.000000
0.000000
0.000000
0.085503
0.000000
0.000000
-0.003351
0.061279
0.000000
0.000000
0.006172
0.003327
0.045639
0.000000
0.000000
0.007230
0.001921
0.014028
0.035918
0.000000
0.000000
0.006966
0.001399
0.011130
0.017026
0.029431
0.000000
0.000000
0.006565
0.001122
0.004934
0.017183
0.017255
0.024878
0.000000
0.000000
0.006231
0.000937
0.000940
0.013701
0.018856
0.016543
0.021530
0.000000
0.000000
0.005986
0.000827
-0.000907
0.006874
0.018674
0.018830
0.015553
0.018977
0.000000
0.000000
0.005818
0.000783
-0.001801
0.001625
0.014861
0.020114
0.018163
0.014534
0.016974
0.000000
0.000000
0.005706
0.000787
-0.002255
-0.001322
0.008238
0.019448
0.020099
0.017273
0.013576
0.015362
0.000000
0.000000
0.005633
0.000826
-0.002481
-0.002955
0.002587
0.015493
0.020984
0.019515
0.016335
0.012705
0.014039
0.000000
0.000000
0.005588
0.000886
-0.002578
-0.003898
-0.001058
0.009240
0.019866
0.021110
0.018713
0.015427
0.011927
0.012936
0.000000
0.000000
0.005561
0.000959
-0.002598
-0.004460
-0.003309
0.003541
0.015871
0.021578
0.020646
0.017848
0.014579
0.011234
0.012004
0.000000
0.000000
0.005545
0.001037
-0.002573
-0.004797
-0.004732
-0.000526
0.009987
0.020080
0.021897
0.019941
0.016991
0.013802
0.010618
0.011207
0.000000
0.000000
0.007678
0.001116
-0.002521
-0.004997
-0.005662
-0.003256
0.004385
0.016097
0.021964
0.021582
0.019149
0.016174
0.013098
0.010072
0.010521
0.000000
0.000000
0.011053
0.003387
-0.002455
-0.005110
-0.006287
-0.005104
0.000077
0.010537
0.020160
0.022492
0.020985
0.018344
0.015413
0.012461
0.009585
0.009920
0.000000
0.000000
0.013901
0.006816
-0.000177
-0.005168
-0.006716
-0.006389
-0.003014
0.005084
0.016210
0.022191
0.022340
0.020272
0.017564
0.014712
0.011888
0.009151
0.009397
0.000000
0.000000
0.016287
0.009763
0.003194
-0.003008
-0.007017
-0.007307
-0.005222
0.000648
0.010923
0.020140
0.022920
0.021865
0.019528
0.016828
0.014073
0.011374
0.008766
0.008936
0.000000
0.000000
0.018273
0.012277
0.006145
0.000197
-0.005101
-0.007982
-0.006830
-0.002709
0.005631
0.016228
0.022289
0.022940
0.021245
0.018795
0.016146
0.013495
0.010913
0.008422
0.008527
0.000000
0.000000
0.019912
0.014408
0.008707
0.003060
-0.002171
-0.006443
-0.008029
-0.005215
0.001136
0.011165
0.020037
0.023204
0.022598
0.020571
0.018095
0.015518
0.012970
0.010498
0.008110
0.008153
0.000000
0.000000
0.021262
0.016210
0.010915
0.005590
0.000513
-0.003901
-0.007014
-0.007106
-0.002414
0.006025
0.016157
0.022275
0.023394
0.022078
0.019891
0.017438
0.014944
0.012499
0.010130
0.007838
0.007815
0.000000
0.000000
0.022366
0.017714
0.012811
0.007807
0.002935
-0.001489
-0.004985
-0.006788
-0.005161
0.001515
0.011272
0.019849
0.023353
0.023186
0.021479
0.019231
0.016830
0.014427
0.012081
0.009806
0.007583
0.007512
0.000000
0.000000
0.023260
0.018966
0.014425
0.009733
0.005094
0.000746
-0.002943
-0.005411
-0.005735
-0.002174
0.006270
0.015992
0.022151
0.023703
0.022771
0.020859
0.018609
0.016276
0.013963
0.011706
0.009511
0.007351
0.007242
0.000000
0.000000
0.023983
0.020003
0.015781
0.011407
0.006999
0.002782
-0.000972
-0.003842
-0.005163
-0.003829
0.001766
0.011249
0.019575
0.023372
0.023632
0.022257
0.020251
0.018033
0.015776
0.013549
0.011374
0.009230
0.007143
0.007009
0.000000
0.000000
0.024558
0.020859
0.016924
0.012830
0.008667
0.004611
0.000876
-0.002219
-0.004183
-0.004224
-0.001084
0.006364
0.015729
0.021924
0.023876
0.023329
0.021706
0.019672
0.017505
0.015323
0.013173
0.011062
0.008985
0.006963
0.006800
0.000000
0.000000
0.025016
0.021560
0.017884
0.014041
0.010123
0.006236
0.002574
-0.000624
-0.002992
-0.003956
-0.002588
0.002391
0.011096
0.019213
0.023270
0.023942
0.022907
0.021155
0.019130
0.017023
0.014915
0.012835
0.010778
0.008769
0.006803
0.006622
0.000000
0.000000
0.025375
0.022130
0.018682
0.015073
0.011372
0.007664
0.004110
0.000890
-0.001719
-0.003292
-0.003156
-0.000283
0.006333
0.015366
0.021598
0.023918
0.023754
0.022431
0.020623
0.018630
0.016585
0.014543
0.012529
0.010535
0.008580
0.006665
0.006469
0.000000
0.000000
0.025660
0.022596
0.019345
0.015943
0.012442
0.008924
0.005484
0.002294
-0.000443
-0.002411
-0.003117
-0.001787
0.002588
0.010326
0.018760
0.023055
0.024119
0.023428
0.021943
0.020122
0.018174
0.016193
0.014218
0.012250
0.010316
0.008414
0.006548
0.006342
0.000000
0.000000
0.025885
0.022975
0.019894
0.016672
0.013356
0.010005
0.006697
0.003572
0.000784
-0.001430
-0.002704
-0.002469
0.000116
0.005812
0.013920
0.021175
0.023839
0.024051
0.023034
0.021464
0.019656
0.017758
0.015836
0.013918
0.012009
0.010127
0.008275
0.006450
0.006234
0.000000
0.000000
0.026064
0.023281
0.020349
0.017286
0.014131
0.010937
0.007768
0.004721
0.001931
-0.000424
-0.002075
-0.002602
-0.001358
0.002465
0.009076
0.016805
0.022734
0.024173
0.023826
0.022614
0.021008
0.019229
0.017383
0.015517
0.013652
0.011798
0.009969
0.008159
0.006369
0.006154
0.000000
0.000000
0.026208
0.023535
0.020723
0.017800
0.014789
0.011733
0.008696
0.005739
0.002981
0.000555
-0.001337
-0.002387
-0.002111
0.000184
0.005093
0.012046
0.018892
0.023647
0.024224
0.023517
0.022193
0.020582
0.018842
0.017048
0.015238
0.013424
0.011625
0.009838
0.008063
0.006309
0.006090
0.000000
0.000000
0.026325
0.023743
0.021036
0.018225
0.015343
0.012415
0.009495
0.006631
0.003927
0.001479
-0.000561
-0.001963
-0.002371
-0.001242
0.002084
0.007765
0.014484
0.020269
0.024112
0.024104
0.023171
0.021789
0.020192
0.018494
0.016752
0.015000
0.013237
0.011479
0.009728
0.007993
0.006264
0.006048
0.000000
0.000000
0.026424
0.023917
0.021297
0.018586
0.015806
0.012994
0.010180
0.007420
0.004770
0.002329
0.000207
-0.001426
-0.002311
-0.002037
-0.000024
0.004215
0.010229
0.016308
0.021094
0.024284
0.023886
0.022816
0.021412
0.019842
0.018190
0.016499
0.014787
0.013071
0.011355
0.009649
0.007941
0.006235
0.006027
0.000000
0.000000
0.026514
0.024064
0.021516
0.018886
0.016197
0.013477
0.010761
0.008091
0.005509
0.003095
0.000936
-0.000843
-0.002053
-0.002391
-0.001395
0.001490
0.006403
0.012302
0.017566
0.021527
0.024273
0.023621
0.022471
0.021067
0.019530
0.017923
0.016277
0.014612
0.012940
0.011270
0.009591
0.007908
0.006223
0.006028
0.000000
0.000000
0.026600
0.024193
0.021700
0.019137
0.016524
0.013886
0.011253
0.008661
0.006147
0.003775
0.001608
-0.000259
-0.001685
-0.002453
-0.002212
-0.000465
0.003206
0.008459
0.013906
0.018370
0.021697
0.024153
0.023338
0.022147
0.020755
0.019252
0.017687
0.016092
0.014474
0.012848
0.011208
0.009555
0.007894
0.006228
0.006051
0.000000
0.000000
0.026688
0.024310
0.021858
0.019347
0.016797
0.014230
0.011670
0.009149
0.006699
0.004369
0.002213
0.000300
-0.001267
-0.002331
-0.002635
-0.001781
0.000714
0.004997
0.010234
0.015061
0.018840
0.021701
0.023975
0.023058
0.021850
0.020480
0.019014
0.017495
0.015948
0.014372
0.012778
0.011166
0.009539
0.007899
0.006251
0.006099
0.000000
0.000000
0.026777
0.024420
0.021997
0.019526
0.017025
0.014514
0.012015
0.009556
0.007171
0.004882
0.002747
0.000815
-0.000838
-0.002102
-0.002792
-0.002607
-0.001111
0.002081
0.006721
0.011657
0.015843
0.019078
0.021605
0.023772
0.022796
0.021589
0.020248
0.018826
0.017352
0.015836
0.014298
0.012735
0.011150
0.009547
0.007926
0.006291
0.006165
0.000000
0.000000
0.026868
0.024525
0.022121
0.019677
0.017212
0.014744
0.012296
0.009891
0.007555
0.005315
0.003208
0.001276
-0.000427
-0.001822
-0.002779
-0.003081
-0.002375
-0.000224
0.003546
0.008259
0.012729
0.016342
0.019167
0.021455
0.023568
0.022560
0.021367
0.020059
0.018674
0.017232
0.015760
0.014255
0.012722
0.011164
0.009581
0.007974
0.006345
0.006246
0.000000
0.000000
0.026968
0.024626
0.022233
0.019805
0.017364
0.014929
0.012520
0.010159
0.007870
0.005671
0.003597
0.001677
-0.000049
-0.001527
-0.002666
-0.003312
-0.003203
-0.001943
0.000846
0.005004
0.009542
0.013496
0.016640
0.019161
0.021282
0.023376
0.022357
0.021182
0.019905
0.018555
0.017157
0.015716
0.014241
0.012737
0.011201
0.009635
0.008037
0.006413
0.006353
0.000000
0.000000
0.027074
0.024726
0.022332
0.019913
0.017487
0.015075
0.012696
0.010369
0.008118
0.005958
0.003916
0.002015
0.000283
-0.001243
-0.002501
-0.003387
-0.003713
-0.003163
-0.001317
0.002041
0.006360
0.010555
0.014026
0.016803
0.019103
0.021106
0.023206
0.022186
0.021032
0.019786
0.018474
0.017110
0.015702
0.014259
0.012780
0.011263
0.009708
0.008118
0.006500
0.006484
0.000000
0.000000
0.027190
0.024826
0.022423
0.020001
0.017582
0.015184
0.012825
0.010527
0.008307
0.006180
0.004168
0.002290
0.000564
-0.000985
-0.002318
-0.003365
-0.003999
-0.003987
-0.002955
-0.000506
0.003292
0.007546
0.011325
0.014382
0.016879
0.019018
0.020941
0.023062
0.022047
0.020917
0.019702
0.018422
0.017093
0.015720
0.014305
0.012848
0.011346
0.009802
0.008220
0.006605
0.006640
0.000000
0.000000
0.027313
0.024922
0.022503
0.020071
0.017649
0.015257
0.012912
0.010632
0.008436
0.006342
0.004356
0.002502
0.000790
-0.000765
-0.002140
-0.003292
-0.004138
-0.004516
-0.004136
-0.002572
0.000466
0.004521
0.008537
0.011897
0.014617
0.016903
0.018926
0.020794
0.022948
0.021943
0.020837
0.019653
0.018407
0.017106
0.015763
0.014374
0.012936
0.011449
0.009918
0.008343
0.006728
0.006827
0.000000
0.000000
0.027442
0.025021
0.022572
0.020123
0.017688
0.015292
0.012953
0.010685
0.008509
0.006439
0.004481
0.002652
0.000960
-0.000589
-0.001983
-0.003197
-0.004183
-0.004835
-0.004947
-0.004152
-0.001996
0.001564
0.005669
0.009341
0.012321
0.014774
0.016901
0.018839
0.020670
0.022865
0.021874
0.020792
0.019638
0.018421
0.017151
0.015835
0.014467
0.013047
0.011578
0.010058
0.008487
0.006874
0.007040
0.000000
0.000000
0.027578
0.025116
0.022633
0.020152
0.017700
0.015290
0.012948
0.010689
0.008526
0.006477
0.004545
0.002742
0.001073
-0.000460
-0.001855
-0.003101
-0.004173
-0.005009
-0.005474
-0.005295
-0.004011
-0.001209
0.002741
0.006698
0.009987
0.012641
0.014883
0.016889
0.018765
0.020573
0.022815
0.021837
0.020779
0.019651
0.018462
0.017220
0.015930
0.014582
0.013183
0.011731
0.010218
0.008655
0.007036
0.007283
0.000000
0.000000
0.027718
0.025203
0.022677
0.020159
0.017676
0.015249
0.012897
0.010639
0.008487
0.006455
0.004546
0.002771
0.001129
-0.000381
-0.001762
-0.003016
-0.004133
-0.005083
-0.005788
-0.006068
-0.005550
-0.003667
-0.000194
0.003946
0.007603
0.010515
0.012895
0.014969
0.016880
0.018709
0.020503
0.022795
0.021830
0.020791
0.019688
0.018527
0.017312
0.016042
0.014720
0.013342
0.011902
0.010402
0.008839
0.007216
0.007565
0.000000
0.000000
0.027857
0.025278
0.022695
0.020133
0.017613
0.015161
0.012795
0.010532
0.008387
0.006368
0.004486
0.002739
0.001129
-0.000351
-0.001707
-0.002949
-0.004079
-0.005090
-0.005944
-0.006541
-0.006628
-0.005682
-0.003037
0.001057
0.005139
0.008400
0.010962
0.013113
0.015049
0.016883
0.018675
0.020460
0.022804
0.021848
0.020826
0.019746
0.018611
0.017421
0.016175
0.014875
0.013516
0.012093
0.010602
0.009042
0.007420
0.007892
0.000000
0.000000
0.027989
0.025333
0.022684
0.020066
0.017504
0.015021
0.012636
0.010366
0.008226
0.006221
0.004363
0.002648
0.001073
-0.000370
-0.001690
-0.002903
-0.004020
-0.005047
-0.005978
-0.006769
-0.007284
-0.007158
-0.005610
-0.001989
0.002534
0.006297
0.009118
0.011365
0.013319
0.015138
0.016905
0.018666
0.020444
0.022840
0.021888
0.020881
0.019821
0.018709
0.017540
0.016316
0.015041
0.013704
0.012297
0.010817
0.009267
0.007647
0.008267
0.000000
0.000000
0.028103
0.025359
0.022633
0.019951
0.017338
0.014817
0.012411
0.010134
0.007997
0.006009
0.004176
0.002496
0.000962
-0.000435
-0.001709
-0.002877
-0.003956
-0.004964
-0.005910
-0.006792
-0.007563
-0.008040
-0.007647
-0.005136
-0.000340
0.004198
0.007419
0.009793
0.011754
0.013534
0.015247
0.016952
0.018682
0.020454
0.022899
0.021947
0.020950
0.019906
0.018811
0.017665
0.016467
0.015216
0.013900
0.012512
0.011051
0.009512
0.007896
0.008693
0.000000
0.000000
0.028191
0.025343
0.022528
0.019774
0.017104
0.014542
0.012109
0.009822
0.007697
0.005727
0.003924
0.002283
0.000798
-0.000544
-0.001759
-0.002865
-0.003884
-0.004836
-0.005745
-0.006629
-0.007496
-0.008309
-0.008831
-0.008035
-0.003745
0.002068
0.005983
0.008521
0.010461
0.012161
0.013778
0.015388
0.017030
0.018727
0.020488
0.022981
0.022022
0.021027
0.019994
0.018919
0.017798
0.016619
0.015394
0.014103
0.012739
0.011298
0.009773
0.008163
0.009181
0.000000
0.000000
0.028235
0.025272
0.022356
0.019520
0.016790
0.014185
0.011727
0.009430
0.007306
0.005367
0.003602
0.002010
0.000583
-0.000692
-0.001832
-0.002858
-0.003790
-0.004654
-0.005474
-0.006278
-0.007098
-0.007967
-0.008900
-0.009675
-0.008004
-0.000216
0.005118
0.007805
0.009625
0.011159
0.012611
0.014069
0.015573
0.017148
0.018804
0.020549
0.023083
0.022107
0.021108
0.020082
0.019021
0.017918
0.016774
0.015574
0.014309
0.012971
0.011551
0.010046
0.008448
0.009731
0.000000
0.000000
0.028220
0.025124
0.022099
0.019174
0.016374
0.013727
0.011246
0.008948
0.006835
0.004928
0.003210
0.001678
0.000324
-0.000869
-0.001916
-0.002839
-0.003657
-0.004395
-0.005074
-0.005719
-0.006359
-0.007031
-0.007796
-0.008784
-0.010310
-0.003741
0.005976
0.008221
0.009577
0.010754
0.011918
0.013134
0.014428
0.015818
0.017313
0.018919
0.020637
0.023205
0.022201
0.021190
0.020163
0.019113
0.018039
0.016916
0.015734
0.014499
0.013190
0.011803
0.010324
0.008744
0.010358
0.000000
0.000000
0.028122
0.024879
0.021732
0.018713
0.015845
0.013152
0.010652
0.008362
0.006276
0.004408
0.002749
0.001292
0.000026
-0.001063
-0.001995
-0.002786
-0.003457
-0.004025
-0.004506
-0.004914
-0.005257
-0.005533
-0.005714
-0.005698
-0.005025
0.000640
0.011065
0.010566
0.010739
0.011233
0.011923
0.012767
0.013753
0.014877
0.016140
0.017540
0.019080
0.020759
0.023350
0.022305
0.021270
0.020237
0.019196
0.018131
0.017026
0.015870
0.014668
0.013398
0.012046
0.010598
0.009043
0.011060
0.000000
0.000000
0.027906
0.024503
0.021228
0.018111
0.015177
0.012446
0.009937
0.007648
0.005612
0.003801
0.002220
0.000858
-0.000296
-0.001257
-0.002042
-0.002667
-0.003148
-0.003497
-0.003719
-0.003814
-0.003764
-0.003526
-0.003001
-0.001964
0.000105
0.004171
0.009631
0.012195
0.012523
0.012553
0.012740
0.013135
0.013724
0.014495
0.015443
0.016560
0.017847
0.019301
0.020923
0.023525
0.022422
0.021349
0.020296
0.019248
0.018186
0.017101
0.015984
0.014811
0.013579
0.012264
0.010852
0.009331
0.011841
0.000000
0.000000
0.027540
0.023965
0.020556
0.017343
0.014349
0.011589
0.009081
0.006829
0.004842
0.003110
0.001629
0.000388
-0.000625
-0.001424
-0.002024
-0.002439
-0.002679
-0.002749
-0.002647
-0.002360
-0.001861
-0.001100
-0.000000
0.001548
0.003658
0.006328
0.009204
0.011570
0.012979
0.013617
0.013894
0.014098
0.014376
0.014794
0.015381
0.016149
0.017107
0.018257
0.019603
0.021144
0.023740
0.022556
0.021426
0.020335
0.019266
0.018206
0.017142
0.016047
0.014908
0.013712
0.012438
0.011072
0.009593
0.012703
0.000000
0.000000
0.026977
0.023223
0.019682
0.016378
0.013330
0.010565
0.008067
0.005874
0.003965
0.002338
0.000987
-0.000098
-0.000931
-0.001525
-0.001891
-0.002040
-0.001977
-0.001704
-0.001216
-0.000506
0.000438
0.001622
0.003041
0.004666
0.006437
0.008260
0.010016
0.011585
0.012878
0.013858
0.014545
0.015007
0.015336
0.015629
0.015969
0.016417
0.017021
0.017808
0.018801
0.020010
0.021444
0.024010
0.022717
0.021504
0.020356
0.019256
0.018187
0.017125
0.016052
0.014948
0.013781
0.012557
0.011239
0.009811
0.013629
0.000000
0.000000
0.026173
0.022241
0.018571
0.015186
0.012111
0.009333
0.006898
0.004781
0.002982
0.001496
0.000315
-0.000572
-0.001175
-0.001507
-0.001576
-0.001390
-0.000955
-0.000275
0.000639
0.001768
0.003074
0.004502
0.005982
0.007442
0.008825
0.010098
0.011251
0.012291
0.013231
0.014078
0.014834
0.015492
0.016046
0.016499
0.016876
0.017223
0.017601
0.018072
0.018695
0.019512
0.020558
0.021852
0.024360
0.022924
0.021599
0.020370
0.019217
0.018117
0.017048
0.015986
0.014903
0.013788
0.012599
0.011334
0.009955
0.014603
0.000000
0.000000
0.025079
0.020969
0.017183
0.013744
0.010643
0.007917
0.005554
0.003551
0.001903
0.000603
-0.000357
-0.000987
-0.001296
-0.001294
-0.000988
-0.000388
0.000491
0.001622
0.002958
0.004428
0.005943
0.007412
0.008762
0.009956
0.010987
0.011877
0.012656
0.013359
0.014016
0.014650
0.015276
0.015897
0.016509
0.017095
0.017635
0.018111
0.018525
0.018904
0.019301
0.019786
0.020428
0.021288
0.022409
0.024825
0.023205
0.021730
0.020387
0.019152
0.018000
0.016905
0.015839
0.014779
0.013690
0.012553
0.011326
0.010001
0.015588
0.000000
0.000000
0.023640
0.019366
0.015480
0.011992
0.008928
0.006276
0.004030
0.002189
0.000745
-0.000309
-0.000982
-0.001280
-0.001211
-0.000783
-0.000009
0.001089
0.002465
0.004045
0.005726
0.007387
0.008919
0.010253
0.011365
0.012269
0.013003
0.013610
0.014133
0.014608
0.015063
0.015522
0.015998
0.016503
0.017041
0.017609
0.018197
0.018783
0.019342
0.019847
0.020288
0.020683
0.021086
0.021578
0.022246
0.023166
0.025451
0.023602
0.021930
0.020428
0.019074
0.017841
0.016697
0.015612
0.014552
0.013487
0.012381
0.011209
0.009926
0.016543
0.000000
0.000000
0.021833
0.017388
0.013423
0.009941
0.006936
0.004402
0.002331
0.000713
-0.000458
-0.001190
-0.001487
-0.001356
-0.000801
0.000164
0.001508
0.003169
0.005044
0.006991
0.008855
0.010508
0.011882
0.012967
0.013797
0.014427
0.014912
0.015301
0.015636
0.015947
0.016256
0.016582
0.016938
0.017332
0.017771
0.018258
0.018793
0.019370
0.019976
0.020590
0.021179
0.021712
0.022171
0.022570
0.022970
0.023469
0.024176
0.026297
0.024169
0.022244
0.020529
0.019010
0.017656
0.016432
0.015301
0.014225
0.013168
0.012094
0.010960
0.009726
0.017445
0.000000
0.000000
0.019591
0.014999
0.010983
0.007538
0.004648
0.002299
0.000472
-0.000842
-0.001652
-0.001960
-0.001768
-0.001078
0.000098
0.001725
0.003723
0.005956
0.008237
0.010367
0.012195
0.013651
0.014742
0.015526
0.016075
0.016459
0.016736
0.016952
0.017139
0.017323
0.017522
0.017748
0.018010
0.018317
0.018672
0.019079
0.019540
0.020055
0.020622
0.021234
0.021877
0.022528
0.023153
0.023714
0.024184
0.024581
0.024977
0.025495
0.027430
0.024982
0.022739
0.020745
0.018999
0.017472
0.016124
0.014915
0.013799
0.012738
0.011684
0.010593
0.009409
0.018231
0.000000
0.000000
0.016880
0.012143
0.008112
0.004764
0.002062
-0.000023
-0.001513
-0.002421
-0.002752
-0.002502
-0.001667
-0.000255
0.001700
0.004101
0.006773
0.009472
0.011943
0.014001
0.015576
0.016697
0.017448
0.017925
0.018215
0.018385
0.018487
0.018559
0.018626
0.018707
0.018815
0.018961
0.019151
0.019389
0.019679
0.020023
0.020422
0.020877
0.021387
0.021951
0.022566
0.023225
0.023915
0.024610
0.025275
0.025864
0.026349
0.026745
0.027148
0.028907
0.026127
0.023505
0.021151
0.019098
0.017329
0.015802
0.014470
0.013284
0.012196
0.011157
0.010112
0.008992
0.018915
0.000000
0.000000
0.015130
0.010248
0.006213
0.002975
0.000479
-0.001323
-0.002461
-0.002949
-0.002787
-0.001971
-0.000501
0.001588
0.004194
0.007111
0.010042
0.012678
0.014807
0.016364
0.017403
0.018032
0.018368
0.018507
0.018524
0.018471
0.018386
0.018296
0.018217
0.018162
0.018141
0.018158
0.018219
0.018326
0.018479
0.018678
0.018925
0.019218
0.019557
0.019940
0.020366
0.020834
0.021343
0.021891
0.022472
0.023074
0.023675
0.024250
0.024784
0.025310
0.027151
0.024752
0.022343
0.020119
0.018183
0.016567
0.015257
0.014218
0.013407
0.012775
0.012263
0.011798
0.011288
0.030088
0.000000
0.000000
0.012689
0.008053
0.004313
0.001398
-0.000756
-0.002188
-0.002917
-0.002941
-0.002244
-0.000816
0.001323
0.004075
0.007208
0.010370
0.013188
0.015409
0.016972
0.017956
0.018498
0.018731
0.018762
0.018670
0.018509
0.018317
0.018121
0.017936
0.017776
0.017647
0.017556
0.017506
0.017499
0.017538
0.017621
0.017749
0.017921
0.018135
0.018390
0.018683
0.019012
0.019375
0.019768
0.020191
0.020641
0.021120
0.021626
0.021869
0.022703
0.023255
0.023818
0.025649
0.023634
0.021401
0.019219
0.017286
0.015698
0.014472
0.013584
0.012983
0.012604
0.012367
0.012175
0.011909
0.034685
0.000000
0.000000
0.011647
0.006996
0.003324
0.000554
-0.001379
-0.002513
-0.002859
-0.002401
-0.001117
0.000991
0.003832
0.007160
0.010558
0.013568
0.015889
0.017460
0.018392
0.018850
0.018988
0.018923
0.018736
0.018484
0.018204
0.017920
0.017649
0.017404
0.017192
0.017015
0.016878
0.016784
0.016734
0.016730
0.016769
0.016852
0.016978
0.017145
0.017352
0.017595
0.017872
0.018180
0.018514
0.018868
0.019238
0.019619
0.020010
0.020408
0.020815
0.021233
0.021668
0.022133
0.023806
0.022283
0.020349
0.018283
0.016377
0.014825
0.013698
0.012987
0.012638
0.012572
0.012695
0.012856
0.012989
0.042392
0.000000
0.000000
0.009960
0.005620
0.002265
-0.000183
-0.001773
-0.002516
-0.002390
-0.001352
0.000624
0.003479
0.006962
0.010591
0.013805
0.016236
0.017821
0.018705
0.019089
0.019145
0.018999
0.018736
0.018411
0.018062
0.017712
0.017376
0.017065
0.016787
0.016548
0.016347
0.016187
0.016070
0.015997
0.015970
0.015987
0.016046
0.016149
0.016293
0.016478
0.016701
0.016959
0.017250
0.017570
0.017913
0.018269
0.018631
0.018989
0.019334
0.019654
0.019942
0.020193
0.020412
0.020616
0.021876
0.020791
0.019199
0.017287
0.015395
0.013830
0.012747
0.012166
0.012021
0.012182
0.012566
0.013061
0.012690
0.038990
0.000000
0.000000
0.008862
0.004501
0.001228
-0.001029
-0.002309
-0.002607
-0.001876
-0.000062
0.002811
0.006501
0.010449
0.013954
0.016547
0.018167
0.019008
0.019314
0.019283
0.019051
0.018705
0.018304
0.017882
0.017462
0.017059
0.016682
0.016337
0.016030
0.015765
0.015541
0.015357
0.015215
0.015116
0.015063
0.015053
0.015085
0.015159
0.015275
0.015431
0.015627
0.015859
0.016128
0.016431
0.016765
0.017121
0.017490
0.017864
0.018232
0.018576
0.018880
0.019127
0.019304
0.019405
0.019441
0.020321
0.019638
0.018479
0.016843
0.014984
0.013296
0.012079
0.011434
0.011301
0.011589
0.012187
0.012297
0.012116
0.038383
0.000000
0.000000
0.008180
0.004051
0.001015
-0.000975
-0.001913
-0.001736
-0.000347
0.002294
0.005992
0.010136
0.013861
0.016573
0.018202
0.018993
0.019231
0.019133
0.018840
0.018441
0.017993
0.017528
0.017068
0.016626
0.016212
0.015830
0.015483
0.015174
0.014909
0.014688
0.014505
0.014363
0.014263
0.014207
0.014195
0.014225
0.014296
0.014410
0.014565
0.014761
0.014996
0.015271
0.015585
0.015940
0.016329
0.016741
0.017172
0.017611
0.018041
0.018437
0.018772
0.019010
0.019111
0.019029
0.018725
0.018873
0.018229
0.017225
0.015779
0.014007
0.012275
0.010997
0.010390
0.010454
0.010729
0.011013
0.011162
0.011011
0.035041
0.000000
0.000000
0.007421
0.003206
0.000245
-0.001488
-0.001952
-0.001031
0.001381
0.005160
0.009644
0.013736
0.016650
0.018317
0.019056
0.019211
0.019024
0.018648
0.018174
0.017656
0.017128
0.016611
0.016115
0.015648
0.015215
0.014821
0.014465
0.014144
0.013864
0.013635
0.013442
0.013287
0.013176
0.013102
0.013072
0.013083
0.013135
0.013227
0.013360
0.013532
0.013740
0.013994
0.014286
0.014622
0.015005
0.015419
0.015864
0.016340
0.016834
0.017325
0.017791
0.018196
0.018496
0.018629
0.018524
0.018095
0.017770
0.017152
0.016260
0.015013
0.013403
0.011639
0.010177
0.009426
0.009443
0.009694
0.010034
0.010306
0.010343
0.034347
0.000000
0.000000
0.005749
0.001853
-0.000731
-0.001958
-0.001671
0.000343
0.004105
0.008952
0.013497
0.016671
0.018399
0.019103
0.019191
0.018933
0.018488
0.017951
0.017377
0.016798
0.016233
0.015694
0.015187
0.014715
0.014280
0.013882
0.013529
0.013211
0.012926
0.012686
0.012496
0.012331
0.012216
0.012133
0.012088
0.012082
0.012118
0.012189
0.012301
0.012447
0.012629
0.012849
0.013118
0.013420
0.013781
0.014177
0.014607
0.015084
0.015604
0.016150
0.016709
0.017257
0.017756
0.018151
0.018365
0.018292
0.017797
0.017075
0.016387
0.015432
0.014171
0.012588
0.010793
0.009152
0.008578
0.008380
0.008517
0.008833
0.009137
0.009219
0.031082
0.000000
0.000000
0.005203
0.001147
-0.001299
-0.002008
-0.000705
0.002816
0.007982
0.013041
0.016499
0.018273
0.018924
0.018933
0.018593
0.018071
0.017459
0.016814
0.016173
0.015553
0.014966
0.014414
0.013903
0.013430
0.012996
0.012601
0.012244
0.011933
0.011652
0.011409
0.011212
0.011051
0.010929
0.010842
0.010790
0.010776
0.010795
0.010851
0.010942
0.011062
0.011221
0.011416
0.011653
0.011929
0.012256
0.012624
0.013029
0.013485
0.014002
0.014563
0.015168
0.015807
0.016457
0.017081
0.017616
0.017968
0.018000
0.017516
0.016517
0.015754
0.014681
0.013268
0.011564
0.009661
0.008756
0.007988
0.007538
0.007506
0.007786
0.008167
0.008421
0.030253
0.000000
0.000000
0.003867
0.000092
-0.001865
-0.001620
0.001331
0.006722
0.012411
0.016237
0.018090
0.018712
0.018668
0.018275
0.017700
0.017038
0.016345
0.015657
0.014995
0.014372
0.013791
0.013252
0.012754
0.012301
0.011881
0.011499
0.011156
0.010853
0.010582
0.010349
0.010160
0.010008
0.009884
0.009793
0.009735
0.009713
0.009724
0.009763
0.009833
0.009930
0.010063
0.010233
0.010436
0.010675
0.010952
0.011274
0.011638
0.012049
0.012521
0.013046
0.013633
0.014279
0.014978
0.015721
0.016467
0.017153
0.017670
0.017845
0.017411
0.016225
0.015395
0.014171
0.012572
0.010608
0.009516
0.008492
0.007560
0.006811
0.006464
0.006572
0.006927
0.007229
0.027090
0.000000
0.000000
0.003552
-0.000509
-0.002024
-0.000270
0.005040
0.011439
0.015695
0.017625
0.018204
0.018095
0.017632
0.016990
0.016265
0.015511
0.014764
0.014042
0.013363
0.012737
0.012163
0.011635
0.011153
0.010707
0.010308
0.009934
0.009600
0.009305
0.009060
0.008836
0.008650
0.008509
0.008389
0.008296
0.008235
0.008204
0.008206
0.008236
0.008291
0.008370
0.008484
0.008631
0.008808
0.009018
0.009258
0.009537
0.009864
0.010231
0.010642
0.011125
0.011668
0.012279
0.012954
0.013723
0.014553
0.015433
0.016295
0.017019
0.017385
0.017032
0.015726
0.014836
0.013533
0.011783
0.010658
0.009501
0.008359
0.007292
0.006355
0.005685
0.005525
0.005825
0.006246
0.026047
0.000000
0.000000
-0.000583
-0.003513
-0.002887
0.002727
0.010755
0.015922
0.018022
0.018536
0.018300
0.017703
0.016936
0.016101
0.015254
0.014427
0.013637
0.012894
0.012205
0.011580
0.011013
0.010499
0.010027
0.009596
0.009198
0.008835
0.008518
0.008233
0.007992
0.007778
0.007589
0.007445
0.007324
0.007222
0.007144
0.007096
0.007073
0.007076
0.007098
0.007141
0.007212
0.007309
0.007430
0.007580
0.007749
0.007945
0.008179
0.008451
0.008750
0.009105
0.009510
0.009966
0.010489
0.011099
0.011785
0.012573
0.013448
0.014378
0.015255
0.015860
0.015798
0.014984
0.014416
0.013403
0.011877
0.010837
0.009706
0.008506
0.007288
0.006127
0.005120
0.004487
0.004498
0.004894
0.023029
0.000000
0.000000
-0.001231
-0.004097
-0.000324
0.008847
0.014937
0.017241
0.017740
0.017421
0.016722
0.015856
0.014935
0.014019
0.013136
0.012301
0.011522
0.010797
0.010129
0.009522
0.008982
0.008494
0.008053
0.007636
0.007259
0.006935
0.006638
0.006377
0.006153
0.005957
0.005785
0.005651
0.005539
0.005448
0.005375
0.005326
0.005302
0.005299
0.005316
0.005351
0.005409
0.005491
0.005593
0.005722
0.005870
0.006039
0.006242
0.006476
0.006738
0.007042
0.007387
0.007776
0.008223
0.008730
0.009326
0.010022
0.010820
0.011761
0.012816
0.013898
0.014741
0.014765
0.013902
0.013367
0.012341
0.011618
0.010777
0.009806
0.008702
0.007475
0.006166
0.004874
0.003787
0.003316
0.003628
0.021672
0.000000
0.000000
-0.003406
-0.004248
0.005722
0.013449
0.016270
0.016878
0.016512
0.015722
0.014770
0.013786
0.012828
0.011926
0.011090
0.010321
0.009616
0.008970
0.008377
0.007838
0.007361
0.006937
0.006544
0.006176
0.005854
0.005572
0.005320
0.005093
0.004900
0.004731
0.004583
0.004467
0.004368
0.004289
0.004227
0.004182
0.004155
0.004148
0.004157
0.004182
0.004225
0.004286
0.004362
0.004463
0.004579
0.004712
0.004871
0.005055
0.005261
0.005499
0.005769
0.006070
0.006415
0.006800
0.007255
0.007778
0.008397
0.009140
0.010035
0.011121
0.012347
0.013437
0.013463
0.012461
0.011864
0.011459
0.010968
0.010372
0.009651
0.008781
0.007739
0.006509
0.005101
0.003587
0.002249
0.001928
0.018952
0.000000
0.000000
-0.012149
-0.000194
0.012205
0.015971
0.016519
0.015822
0.014685
0.013446
0.012244
0.011130
0.010117
0.009202
0.008379
0.007636
0.006963
0.006353
0.005793
0.005276
0.004805
0.004392
0.004011
0.003671
0.003366
0.003102
0.002868
0.002660
0.002480
0.002322
0.002187
0.002078
0.001983
0.001906
0.001848
0.001806
0.001778
0.001763
0.001762
0.001776
0.001807
0.001854
0.001911
0.001986
0.002073
0.002178
0.002308
0.002459
0.002628
0.002819
0.003034
0.003272
0.003535
0.003825
0.004155
0.004521
0.004938
0.005414
0.005987
0.006689
0.007588
0.008729
0.010015
0.010329
0.010062
0.009920
0.009769
0.009550
0.009250
0.008849
0.008320
0.007625
0.006714
0.005526
0.003996
0.002083
0.000119
0.016945
0.000000
0.000000
0.056735
0.051994
0.040380
0.031491
0.025313
0.020882
0.017566
0.014997
0.012950
0.011281
0.009891
0.008715
0.007703
0.006822
0.006045
0.005354
0.004730
0.004156
0.003625
0.003150
0.002733
0.002367
0.002041
0.001757
0.001509
0.001292
0.001104
0.000938
0.000799
0.000687
0.000588
0.000509
0.000449
0.000409
0.000383
0.000367
0.000363
0.000377
0.000409
0.000457
0.000518
0.000593
0.000677
0.000783
0.000916
0.001073
0.001249
0.001448
0.001668
0.001913
0.002179
0.002470
0.002794
0.003147
0.003533
0.003950
0.004419
0.004949
0.005580
0.006343
0.007433
0.009141
0.011436
0.013758
0.013945
0.014109
0.014251
0.014373
0.014474
0.014551
0.014600
0.014604
0.014539
0.014366
0.014047
0.013772
0.014659
0.000000
0.000000
0.000000
0.000000
0.000000
0.000000
0.000000
0.000000
0.000000
0.000000
0.000000
0.000000
0.000000
0.000000
0.000000
0.000000
0.000000
0.000000
0.000000
0.000000
0.000000
0.000000
0.000000
0.000000
0.000000
0.000000
0.000000
0.000000
0.000000
0.000000
0.000000
0.000000
0.000000
0.000000
0.000000
0.000000
0.000000
0.000000
0.000000
0.000000
0.000000
0.000000
0.000000
0.000000
0.000000
0.000000
0.000000
0.000000
0.000000
0.000000
0.000000
0.000000
0.000000
0.000000
0.000000
0.000000
0.000000
0.000000
0.000000
0.000000
0.000000
0.000000
0.000000
0.000000
0.000000
0.000000
0.000000
0.000000
0.000000
0.000000
0.000000
0.000000
0.000000
0.000000
0.000000
0.000000
0.000000
0.000000
0.000000
0.000000
0.000000
