0.004978
0.000172
0.005121
0.068521
0.103703
0.066335
0.058542
0.072977
0.072112
0.057658
0.047882
0.054420
0.056601
0.054269
0.047498
0.039195
0.043297
0.045824
0.045786
0.043155
0.038806
0.032895
0.035805
0.038128
0.038908
0.038082
0.035642
0.032509
0.028233
0.030424
0.032414
0.033567
0.033550
0.032337
0.030226
0.027849
0.024667
0.026375
0.028059
0.029320
0.029774
0.029275
0.027938
0.026139
0.024281
0.021857
0.023226
0.024655
0.025891
0.026608
0.026582
0.025806
0.024486
0.022953
0.021467
0.019589
0.020709
0.021932
0.023088
0.023928
0.024220
0.023866
0.022954
0.021715
0.020402
0.019193
0.017724
0.018655
0.019708
0.020767
0.021647
0.022140
0.022105
0.021539
0.020584
0.019448
0.018318
0.017320
0.016167
0.016950
0.017863
0.018822
0.019693
0.020302
0.020499
0.020223
0.019536
0.018592
0.017564
0.016586
0.015753
0.014849
0.015515
0.016311
0.017174
0.018009
0.018676
0.019034
0.018991
0.018549
0.017804
0.016900
0.015976
0.015127
0.014426
0.013722
0.014293
0.014989
0.015765
0.016549
0.017236
0.017698
0.017834
0.017606
0.017058
0.016297
0.015450
0.014623
0.013884
0.013289
0.012749
0.013242
0.013853
0.014548
0.015277
0.015957
0.016481
0.016749
0.016700
0.016337
0.015730
0.014982
0.014198
0.013461
0.012816
0.012307
0.011903
0.012332
0.012869
0.013491
0.014162
0.014819
0.015374
0.015734
0.015829
0.015633
0.015179
0.014546
0.013828
0.013111
0.012455
0.011891
0.011453
0.011164
0.011538
0.012011
0.012567
0.013181
0.013805
0.014369
0.014790
0.014995
0.014941
0.014634
0.014124
0.013489
0.012812
0.012160
0.011578
0.011085
0.010707
0.010515
0.010842
0.011258
0.011753
0.012313
0.012899
0.013456
0.013913
0.014199
0.014264
0.014090
0.013705
0.013165
0.012545
0.011915
0.011326
0.010810
0.010380
0.010050
0.009941
0.010229
0.010593
0.011034
0.011541
0.012087
0.012628
0.013102
0.013445
0.013604
0.013547
0.013281
0.012844
0.012295
0.011701
0.011119
0.010590
0.010136
0.009760
0.009472
0.009433
0.009685
0.010004
0.010395
0.010853
0.011359
0.011876
0.012354
0.012735
0.012965
0.013007
0.012851
0.012517
0.012049
0.011506
0.010945
0.010412
0.009939
0.009540
0.009214
0.008959
0.008975
0.009199
0.009476
0.009822
0.010236
0.010703
0.011194
0.011666
0.012068
0.012351
0.012473
0.012415
0.012180
0.011800
0.011319
0.010792
0.010266
0.009781
0.009360
0.009011
0.008729
0.008499
0.008503
0.008745
0.008994
0.009302
0.009677
0.010110
0.010574
0.011034
0.011446
0.011765
0.011950
0.011975
0.011833
0.011540
0.011131
0.010651
0.010145
0.009656
0.009214
0.008838
0.008532
0.008280
0.008034
0.008075
0.008278
0.008538
0.008821
0.009168
0.009571
0.010010
0.010455
0.010869
0.011211
0.011442
0.011535
0.011475
0.011268
0.010935
0.010512
0.010040
0.009560
0.009105
0.008701
0.008361
0.008085
0.007824
0.007610
0.007732
0.007913
0.008135
0.008391
0.008704
0.009081
0.009497
0.009926
0.010335
0.010689
0.010954
0.011100
0.011110
0.010981
0.010725
0.010368
0.009942
0.009485
0.009030
0.008607
0.008238
0.007937
0.007682
0.007443
0.007245
0.007424
0.007585
0.007793
0.008049
0.008305
0.008646
0.009036
0.009446
0.009845
0.010203
0.010489
0.010675
0.010742
0.010682
0.010500
0.010211
0.009841
0.009421
0.008983
0.008556
0.008167
0.007840
0.007589
0.007318
0.007092
0.006917
0.007156
0.007298
0.007484
0.007714
0.007995
0.008280
0.008631
0.009015
0.009399
0.009754
0.010051
0.010265
0.010376
0.010374
0.010258
0.010036
0.009728
0.009356
0.008948
0.008534
0.008141
0.007796
0.007524
0.007238
0.006987
0.006786
0.006632
0.006924
0.007049
0.007219
0.007431
0.007691
0.007951
0.008276
0.008633
0.008998
0.009343
0.009642
0.009873
0.010017
0.010062
0.010003
0.009844
0.009597
0.009280
0.008914
0.008525
0.008139
0.007779
0.007472
0.007214
0.006931
0.006701
0.006519
0.006385
0.006720
0.006829
0.006978
0.007169
0.007396
0.007706
0.007983
0.008304
0.008643
0.008972
0.009266
0.009505
0.009670
0.009750
0.009739
0.009635
0.009447
0.009186
0.008870
0.008518
0.008153
0.007798
0.007480
0.007213
0.006897
0.006649
0.006443
0.006284
0.006169
0.006550
0.006645
0.006779
0.006955
0.007175
0.007425
0.007702
0.008012
0.008330
0.008641
0.008924
0.009163
0.009340
0.009445
0.009470
0.009414
0.009279
0.009073
0.008808
0.008500
0.008166
0.007826
0.007500
0.007205
0.006931
0.006654
0.006417
0.006230
0.006087
0.005989
0.006405
0.006485
0.006604
0.006759
0.006952
0.007189
0.007487
0.007768
0.008061
0.008350
0.008618
0.008850
0.009031
0.009152
0.009204
0.009184
0.009094
0.008939
0.008725
0.008464
0.008170
0.007858
0.007546
0.007249
0.006977
0.006672
0.006415
0.006208
0.006043
0.005919
0.005836
0.006294
0.006358
0.006463
0.006607
0.006784
0.006994
0.007267
0.007543
0.007823
0.008094
0.008346
0.008567
0.008747
0.008874
0.008944
0.008953
0.008900
0.008787
0.008621
0.008407
0.008157
0.007880
0.007591
0.007302
0.007026
0.006751
0.006463
0.006233
0.006043
0.005892
0.005783
0.005718
0.006212
0.006261
0.006349
0.006478
0.006645
0.006843
0.007069
0.007337
0.007613
0.007871
0.008107
0.008316
0.008488
0.008617
0.008697
0.008725
0.008700
0.008623
0.008498
0.008329
0.008122
0.007886
0.007629
0.007360
0.007089
0.006820
0.006546
0.006295
0.006081
0.005904
0.005770
0.005679
0.005630
0.006159
0.006193
0.006264
0.006373
0.006520
0.006705
0.006917
0.007183
0.007440
0.007680
0.007900
0.008094
0.008256
0.008381
0.008465
0.008505
0.008501
0.008452
0.008362
0.008231
0.008066
0.007870
0.007650
0.007413
0.007165
0.006911
0.006656
0.006377
0.006146
0.005947
0.005792
0.005678
0.005605
0.005572
0.006135
0.006156
0.006212
0.006305
0.006434
0.006599
0.006801
0.007042
0.007294
0.007520
0.007724
0.007903
0.008053
0.008170
0.008253
0.008299
0.008308
0.008280
0.008216
0.008119
0.007990
0.007834
0.007652
0.007450
0.007232
0.007002
0.006764
0.006508
0.006252
0.006032
0.005855
0.005718
0.005621
0.005563
0.005544
0.006137
0.006145
0.006190
0.006269
0.006383
0.006530
0.006708
0.006934
0.007166
0.007384
0.007575
0.007740
0.007877
0.007985
0.008063
0.008109
0.008125
0.008111
0.008068
0.007997
0.007900
0.007778
0.007633
0.007467
0.007282
0.007082
0.006867
0.006637
0.006396
0.006152
0.005956
0.005797
0.005676
0.005594
0.005550
0.005544
0.006164
0.006159
0.006192
0.006260
0.006359
0.006493
0.006657
0.006848
0.007066
0.007272
0.007453
0.007605
0.007730
0.007826
0.007896
0.007939
0.007957
0.007951
0.007922
0.007871
0.007799
0.007707
0.007595
0.007464
0.007314
0.007147
0.006962
0.006758
0.006540
0.006307
0.006091
0.005911
0.005767
0.005663
0.005593
0.005561
0.005569
0.006221
0.006200
0.006218
0.006273
0.006361
0.006476
0.006624
0.006799
0.007014
0.007199
0.007362
0.007499
0.007610
0.007695
0.007755
0.007792
0.007808
0.007804
0.007783
0.007746
0.007693
0.007625
0.007542
0.007443
0.007327
0.007194
0.007043
0.006873
0.006685
0.006482
0.006247
0.006051
0.005890
0.005765
0.005673
0.005617
0.005601
0.005625
0.006307
0.006272
0.006273
0.006313
0.006389
0.006497
0.006626
0.006786
0.006981
0.007157
0.007303
0.007424
0.007520
0.007591
0.007640
0.007668
0.007679
0.007675
0.007657
0.007628
0.007589
0.007539
0.007479
0.007407
0.007322
0.007223
0.007107
0.006972
0.006819
0.006647
0.006446
0.006228
0.006049
0.005907
0.005791
0.005712
0.005671
0.005672
0.005711
0.006421
0.006373
0.006363
0.006384
0.006444
0.006538
0.006664
0.006803
0.006980
0.007140
0.007273
0.007378
0.007459
0.007516
0.007553
0.007571
0.007574
0.007565
0.007546
0.007521
0.007490
0.007453
0.007411
0.007361
0.007303
0.007234
0.007151
0.007051
0.006934
0.006796
0.006633
0.006443
0.006242
0.006084
0.005947
0.005845
0.005782
0.005760
0.005774
0.005828
0.006570
0.006504
0.006481
0.006493
0.006534
0.006610
0.006719
0.006859
0.007012
0.007152
0.007269
0.007361
0.007427
0.007470
0.007493
0.007499
0.007493
0.007477
0.007454
0.007429
0.007401
0.007372
0.007342
0.007310
0.007273
0.007230
0.007177
0.007111
0.007028
0.006926
0.006801
0.006651
0.006474
0.006295
0.006140
0.006019
0.005934
0.005891
0.005879
0.005907
0.005979
0.006744
0.006668
0.006626
0.006627
0.006663
0.006721
0.006815
0.006937
0.007060
0.007188
0.007293
0.007371
0.007423
0.007452
0.007462
0.007455
0.007438
0.007412
0.007384
0.007354
0.007326
0.007301
0.007278
0.007258
0.007238
0.007216
0.007189
0.007152
0.007102
0.007035
0.006946
0.006834
0.006696
0.006533
0.006378
0.006234
0.006128
0.006063
0.006025
0.006027
0.006074
0.006159
0.006951
0.006856
0.006806
0.006784
0.006808
0.006865
0.006935
0.007043
0.007157
0.007257
0.007345
0.007409
0.007448
0.007463
0.007459
0.007439
0.007409
0.007373
0.007335
0.007299
0.007268
0.007242
0.007223
0.007210
0.007202
0.007196
0.007189
0.007178
0.007158
0.007124
0.007071
0.006997
0.006897
0.006773
0.006636
0.006483
0.006352
0.006271
0.006209
0.006185
0.006210
0.006268
0.006373
0.007187
0.007081
0.007009
0.006985
0.006980
0.007021
0.007097
0.007183
0.007281
0.007364
0.007431
0.007478
0.007503
0.007504
0.007485
0.007452
0.007408
0.007360
0.007311
0.007267
0.007228
0.007199
0.007179
0.007169
0.007168
0.007174
0.007184
0.007193
0.007198
0.007194
0.007176
0.007138
0.007078
0.006993
0.006889
0.006766
0.006623
0.006512
0.006431
0.006385
0.006390
0.006419
0.006500
0.006621
0.007459
0.007335
0.007256
0.007204
0.007210
0.007220
0.007285
0.007334
0.007423
0.007495
0.007548
0.007579
0.007587
0.007573
0.007540
0.007492
0.007435
0.007373
0.007312
0.007257
0.007210
0.007174
0.007150
0.007139
0.007141
0.007154
0.007175
0.007201
0.007227
0.007249
0.007261
0.007259
0.007236
0.007191
0.007122
0.007032
0.006920
0.006790
0.006709
0.006633
0.006617
0.006616
0.006673
0.006764
0.006905
0.007771
0.007626
0.007526
0.007473
0.007436
0.007468
0.007497
0.007537
0.007593
0.007652
0.007693
0.007710
0.007702
0.007673
0.007624
0.007561
0.007488
0.007412
0.007338
0.007270
0.007212
0.007167
0.007137
0.007122
0.007123
0.007139
0.007167
0.007204
0.007247
0.007290
0.007329
0.007358
0.007371
0.007364
0.007334
0.007279
0.007200
0.007101
0.007007
0.006927
0.006878
0.006852
0.006891
0.006953
0.007068
0.007233
0.008117
0.007959
0.007840
0.007761
0.007740
0.007727
0.007707
0.007758
0.007801
0.007841
0.007867
0.007870
0.007848
0.007802
0.007737
0.007658
0.007569
0.007478
0.007389
0.007307
0.007236
0.007181
0.007141
0.007120
0.007117
0.007131
0.007162
0.007206
0.007260
0.007320
0.007381
0.007438
0.007484
0.007513
0.007522
0.007506
0.007464
0.007399
0.007321
0.007243
0.007163
0.007155
0.007156
0.007190
0.007280
0.007417
0.007599
0.008530
0.008319
0.008183
0.008094
0.008024
0.007969
0.007986
0.008001
0.008038
0.008064
0.008074
0.008061
0.008023
0.007961
0.007879
0.007782
0.007676
0.007568
0.007463
0.007366
0.007282
0.007213
0.007163
0.007132
0.007122
0.007132
0.007162
0.007209
0.007270
0.007342
0.007420
0.007499
0.007574
0.007637
0.007683
0.007708
0.007707
0.007680
0.007631
0.007568
0.007497
0.007455
0.007421
0.007467
0.007536
0.007641
0.007801
0.008030
0.009002
0.008778
0.008574
0.008425
0.008332
0.008296
0.008278
0.008294
0.008309
0.008321
0.008314
0.008284
0.008228
0.008148
0.008047
0.007932
0.007808
0.007682
0.007560
0.007446
0.007347
0.007264
0.007201
0.007159
0.007140
0.007143
0.007168
0.007214
0.007277
0.007357
0.007447
0.007544
0.007642
0.007735
0.007817
0.007881
0.007923
0.007938
0.007928
0.007895
0.007846
0.007798
0.007756
0.007757
0.007789
0.007886
0.008045
0.008262
0.008495
0.009462
0.009233
0.009029
0.008855
0.008731
0.008662
0.008635
0.008626
0.008626
0.008617
0.008591
0.008540
0.008464
0.008363
0.008242
0.008107
0.007963
0.007818
0.007677
0.007546
0.007430
0.007331
0.007254
0.007199
0.007169
0.007162
0.007180
0.007221
0.007284
0.007365
0.007463
0.007573
0.007689
0.007807
0.007919
0.008021
0.008105
0.008166
0.008200
0.008209
0.008194
0.008166
0.008133
0.008117
0.008127
0.008188
0.008313
0.008497
0.008715
0.008952
0.009972
0.009719
0.009512
0.009336
0.009195
0.009099
0.009043
0.009012
0.008986
0.008954
0.008904
0.008830
0.008730
0.008606
0.008462
0.008304
0.008138
0.007972
0.007812
0.007662
0.007528
0.007413
0.007320
0.007251
0.007207
0.007189
0.007197
0.007231
0.007289
0.007369
0.007469
0.007586
0.007715
0.007852
0.007990
0.008124
0.008247
0.008353
0.008436
0.008493
0.008524
0.008533
0.008527
0.008520
0.008526
0.008564
0.008652
0.008794
0.008981
0.009203
0.009462
0.010548
0.010264
0.010040
0.009856
0.009707
0.009592
0.009509
0.009449
0.009394
0.009333
0.009254
0.009152
0.009025
0.008873
0.008703
0.008520
0.008331
0.008142
0.007960
0.007791
0.007637
0.007505
0.007395
0.007310
0.007252
0.007221
0.007218
0.007241
0.007292
0.007367
0.007465
0.007584
0.007720
0.007870
0.008028
0.008189
0.008346
0.008493
0.008624
0.008732
0.008816
0.008874
0.008910
0.008933
0.008955
0.008990
0.009056
0.009165
0.009317
0.009511
0.009749
0.010038
0.011201
0.010880
0.010632
0.010431
0.010268
0.010136
0.010028
0.009937
0.009850
0.009754
0.009642
0.009506
0.009346
0.009164
0.008964
0.008753
0.008537
0.008324
0.008119
0.007927
0.007754
0.007603
0.007475
0.007374
0.007300
0.007255
0.007238
0.007250
0.007290
0.007357
0.007450
0.007567
0.007705
0.007861
0.008032
0.008213
0.008398
0.008580
0.008754
0.008913
0.009052
0.009167
0.009258
0.009328
0.009384
0.009439
0.009506
0.009599
0.009726
0.009893
0.010104
0.010368
0.010695
0.011945
0.011581
0.011300
0.011074
0.010890
0.010735
0.010600
0.010475
0.010351
0.010216
0.010064
0.009889
0.009691
0.009472
0.009239
0.008996
0.008751
0.008511
0.008281
0.008067
0.007873
0.007702
0.007556
0.007438
0.007348
0.007287
0.007256
0.007254
0.007282
0.007338
0.007422
0.007533
0.007668
0.007825
0.008003
0.008196
0.008400
0.008611
0.008822
0.009026
0.009218
0.009392
0.009544
0.009673
0.009782
0.009878
0.009971
0.010073
0.010194
0.010346
0.010535
0.010773
0.011070
0.011443
0.012796
0.012380
0.012058
0.011799
0.011584
0.011398
0.011229
0.011065
0.010897
0.010717
0.010517
0.010297
0.010055
0.009795
0.009523
0.009245
0.008968
0.008698
0.008442
0.008204
0.007988
0.007796
0.007632
0.007496
0.007389
0.007312
0.007266
0.007250
0.007264
0.007307
0.007380
0.007480
0.007608
0.007762
0.007939
0.008138
0.008354
0.008584
0.008823
0.009065
0.009303
0.009533
0.009747
0.009943
0.010117
0.010273
0.010415
0.010552
0.010694
0.010851
0.011035
0.011257
0.011530
0.011871
0.012301
0.013776
0.013297
0.012923
0.012619
0.012363
0.012136
0.011922
0.011709
0.011489
0.011254
0.011000
0.010726
0.010433
0.010126
0.009810
0.009493
0.009181
0.008880
0.008595
0.008332
0.008093
0.007881
0.007697
0.007543
0.007419
0.007326
0.007264
0.007233
0.007232
0.007261
0.007320
0.007409
0.007526
0.007671
0.007843
0.008040
0.008259
0.008500
0.008757
0.009026
0.009302
0.009580
0.009852
0.010113
0.010358
0.010586
0.010797
0.010994
0.011183
0.011375
0.011579
0.011806
0.012071
0.012393
0.012790
0.013289
0.014911
0.014355
0.013915
0.013552
0.013240
0.012957
0.012685
0.012411
0.012126
0.011826
0.011507
0.011170
0.010819
0.010458
0.010095
0.009734
0.009383
0.009048
0.008734
0.008444
0.008182
0.007949
0.007747
0.007575
0.007434
0.007325
0.007247
0.007200
0.007184
0.007198
0.007242
0.007316
0.007420
0.007553
0.007714
0.007904
0.008120
0.008362
0.008627
0.008912
0.009215
0.009529
0.009849
0.010168
0.010482
0.010786
0.011076
0.011351
0.011614
0.011868
0.012122
0.012385
0.012670
0.012995
0.013379
0.013849
0.014435
0.016240
0.015586
0.015058
0.014617
0.014230
0.013873
0.013525
0.013173
0.012809
0.012429
0.012034
0.011625
0.011208
0.010787
0.010370
0.009962
0.009570
0.009199
0.008853
0.008537
0.008251
0.007997
0.007776
0.007586
0.007429
0.007303
0.007209
0.007147
0.007115
0.007114
0.007142
0.007200
0.007289
0.007408
0.007556
0.007733
0.007940
0.008175
0.008439
0.008730
0.009046
0.009383
0.009738
0.010104
0.010477
0.010851
0.011220
0.011582
0.011933
0.012274
0.012608
0.012941
0.013282
0.013644
0.014047
0.014516
0.015080
0.015776
0.017812
0.017031
0.016387
0.015840
0.015353
0.014896
0.014449
0.013997
0.013535
0.013061
0.012576
0.012085
0.011593
0.011106
0.010630
0.010172
0.009736
0.009328
0.008950
0.008605
0.008296
0.008021
0.007781
0.007576
0.007402
0.007260
0.007149
0.007071
0.007024
0.007008
0.007020
0.007061
0.007133
0.007236
0.007370
0.007532
0.007725
0.007948
0.008202
0.008488
0.008806
0.009153
0.009528
0.009925
0.010342
0.010773
0.011213
0.011656
0.012099
0.012539
0.012975
0.013406
0.013839
0.014280
0.014744
0.015252
0.015834
0.016523
0.017360
0.019697
0.018746
0.017945
0.017253
0.016629
0.016040
0.015464
0.014886
0.014303
0.013716
0.013127
0.012543
0.011968
0.011410
0.010872
0.010361
0.009880
0.009433
0.009022
0.008649
0.008316
0.008021
0.007763
0.007541
0.007353
0.007196
0.007067
0.006971
0.006909
0.006878
0.006874
0.006898
0.006952
0.007040
0.007159
0.007306
0.007481
0.007688
0.007928
0.008201
0.008510
0.008855
0.009235
0.009648
0.010091
0.010560
0.011053
0.011564
0.012089
0.012624
0.013167
0.013714
0.014265
0.014822
0.015393
0.015993
0.016643
0.017376
0.018232
0.019258
0.021993
0.020809
0.019790
0.018897
0.018087
0.017320
0.016575
0.015839
0.015110
0.014389
0.013682
0.012994
0.012330
0.011696
0.011095
0.010529
0.010003
0.009516
0.009072
0.008671
0.008314
0.008000
0.007726
0.007487
0.007284
0.007114
0.006969
0.006851
0.006771
0.006725
0.006704
0.006714
0.006749
0.006817
0.006925
0.007058
0.007217
0.007406
0.007628
0.007884
0.008176
0.008508
0.008881
0.009294
0.009747
0.010236
0.010760
0.011316
0.011903
0.012516
0.013153
0.013812
0.014489
0.015184
0.015898
0.016638
0.017416
0.018258
0.019200
0.020286
0.021568
0.024847
0.023330
0.022000
0.020825
0.019756
0.018753
0.017790
0.016857
0.015951
0.015076
0.014236
0.013435
0.012677
0.011965
0.011299
0.010680
0.010108
0.009584
0.009107
0.008678
0.008298
0.007963
0.007675
0.007423
0.007199
0.007016
0.006860
0.006723
0.006612
0.006552
0.006510
0.006501
0.006528
0.006573
0.006668
0.006793
0.006937
0.007108
0.007317
0.007553
0.007823
0.008136
0.008491
0.008893
0.009340
0.009832
0.010367
0.010945
0.011566
0.012230
0.012936
0.013684
0.014473
0.015301
0.016168
0.017076
0.018030
0.019046
0.020149
0.021381
0.022792
0.024436
0.028487
0.026472
0.024683
0.023102
0.021675
0.020355
0.019113
0.017936
0.016822
0.015771
0.014785
0.013864
0.013008
0.012217
0.011488
0.010819
0.010205
0.009645
0.009136
0.008680
0.008276
0.007927
0.007617
0.007360
0.007123
0.006905
0.006740
0.006587
0.006468
0.006371
0.006302
0.006272
0.006276
0.006323
0.006403
0.006506
0.006646
0.006798
0.007004
0.007228
0.007472
0.007763
0.008092
0.008474
0.008904
0.009385
0.009915
0.010493
0.011123
0.011808
0.012550
0.013352
0.014217
0.015148
0.016147
0.017217
0.018363
0.019592
0.020921
0.022383
0.024027
0.025912
0.028089
0.033287
0.030482
0.027992
0.025815
0.023888
0.022147
0.020551
0.019078
0.017721
0.016472
0.015328
0.014282
0.013328
0.012459
0.011670
0.010953
0.010302
0.009710
0.009173
0.008689
0.008265
0.007892
0.007586
0.007292
0.007070
0.006842
0.006631
0.006454
0.006319
0.006206
0.006132
0.006082
0.006070
0.006097
0.006145
0.006229
0.006339
0.006499
0.006701
0.006924
0.007137
0.007418
0.007711
0.008066
0.008471
0.008932
0.009444
0.010008
0.010626
0.011305
0.012050
0.012869
0.013769
0.014757
0.015842
0.017032
0.018338
0.019772
0.021348
0.023092
0.025049
0.027290
0.029889
0.032898
0.039872
0.035741
0.032134
0.029067
0.026448
0.024154
0.022112
0.020285
0.018648
0.017182
0.015869
0.014694
0.013642
0.012699
0.011853
0.011093
0.010409
0.009792
0.009232
0.008724
0.008273
0.007894
0.007553
0.007303
0.007017
0.006755
0.006534
0.006354
0.006196
0.006071
0.005984
0.005928
0.005898
0.005907
0.005939
0.006004
0.006105
0.006243
0.006400
0.006596
0.006846
0.007130
0.007373
0.007702
0.008069
0.008504
0.008993
0.009532
0.010124
0.010777
0.011501
0.012305
0.013199
0.014197
0.015312
0.016561
0.017963
0.019540
0.021319
0.023331
0.025620
0.028260
0.031379
0.035107
0.039489
0.049254
0.042889
0.037380
0.032993
0.029427
0.026412
0.023817
0.021568
0.019614
0.017910
0.016421
0.015114
0.013964
0.012948
0.012048
0.011248
0.010535
0.009897
0.009322
0.008798
0.008323
0.007914
0.007598
0.007289
0.006969
0.006714
0.006467
0.006275
0.006112
0.005970
0.005867
0.005800
0.005761
0.005752
0.005771
0.005819
0.005903
0.006027
0.006169
0.006342
0.006572
0.006805
0.007112
0.007417
0.007726
0.008125
0.008589
0.009099
0.009657
0.010274
0.010959
0.011726
0.012586
0.013555
0.014652
0.015898
0.017322
0.018956
0.020843
0.023034
0.025589
0.028590
0.032167
0.036580
0.042207
0.048872
0.061771
0.052995
0.044043
0.037791
0.032948
0.028989
0.025701
0.022953
0.020640
0.018679
0.017003
0.015561
0.014312
0.013223
0.012269
0.011430
0.010689
0.010031
0.009444
0.008914
0.008426
0.007990
0.007645
0.007292
0.006976
0.006688
0.006446
0.006229
0.006055
0.005907
0.005787
0.005706
0.005656
0.005636
0.005641
0.005675
0.005741
0.005847
0.005979
0.006137
0.006341
0.006565
0.006841
0.007140
0.007480
0.007820
0.008251
0.008732
0.009253
0.009827
0.010466
0.011184
0.011994
0.012911
0.013957
0.015157
0.016541
0.018151
0.020041
0.022280
0.024961
0.028199
0.032142
0.036998
0.043248
0.052276
0.061688
0.083750
0.067335
0.052579
0.043892
0.037240
0.031987
0.027819
0.024478
0.021761
0.019520
0.017647
0.016063
0.014710
0.013545
0.012535
0.011653
0.010881
0.010201
0.009599
0.009064
0.008577
0.008119
0.007712
0.007346
0.007008
0.006714
0.006449
0.006227
0.006034
0.005875
0.005746
0.005649
0.005586
0.005555
0.005549
0.005570
0.005622
0.005709
0.005828
0.005974
0.006158
0.006368
0.006623
0.006905
0.007232
0.007585
0.007985
0.008441
0.008925
0.009455
0.010047
0.010713
0.011466
0.012324
0.013304
0.014433
0.015743
0.017275
0.019088
0.021260
0.023900
0.027163
0.031269
0.036504
0.043206
0.051933
0.065859
0.083556
0.119231
0.082272
0.065183
0.052023
0.042465
0.035443
0.030200
0.026178
0.023015
0.020471
0.018386
0.016651
0.015187
0.013939
0.012865
0.011935
0.011124
0.010414
0.009791
0.009241
0.008752
0.008297
0.007827
0.007442
0.007085
0.006772
0.006499
0.006259
0.006056
0.005881
0.005741
0.005632
0.005555
0.005510
0.005494
0.005504
0.005543
0.005615
0.005718
0.005852
0.006021
0.006218
0.006452
0.006719
0.007026
0.007377
0.007751
0.008214
0.008670
0.009160
0.009707
0.010324
0.011025
0.011823
0.012736
0.013789
0.015011
0.016444
0.018140
0.020177
0.022662
0.025754
0.029694
0.034851
0.041812
0.051404
0.064978
0.080276
0.113606
0.004978
0.048050
0.073041
0.059522
0.048225
0.039228
0.032781
0.028034
0.024410
0.021558
0.019256
0.017363
0.015780
0.014441
0.013295
0.012307
0.011448
0.010697
0.010039
0.009461
0.008949
0.008490
0.008017
0.007581
0.007210
0.006878
0.006587
0.006335
0.006115
0.005931
0.005774
0.005654
0.005564
0.005505
0.005478
0.005477
0.005504
0.005562
0.005652
0.005772
0.005928
0.006111
0.006330
0.006581
0.006870
0.007202
0.007570
0.008002
0.008472
0.008933
0.009446
0.010025
0.010682
0.011429
0.012284
0.013266
0.014403
0.015730
0.017298
0.019173
0.021451
0.024273
0.027857
0.032556
0.038949
0.047895
0.058612
0.068971
0.055625
0.004978
0.000000
0.000000
0.000000
0.000000
0.103703
0.000000
0.000000
0.072977
0.072112
0.000000
0.000000
0.054420
0.056601
0.054269
0.000000
0.000000
0.043297
0.045824
0.045786
0.043155
0.000000
0.000000
0.035805
0.038128
0.038908
0.038082
0.035642
0.000000
0.000000
0.030424
0.032414
0.033567
0.033550
0.032337
0.030226
0.000000
0.000000
0.026375
0.028059
0.029320
0.029774
0.029275
0.027938
0.026139
0.000000
0.000000
0.023226
0.024655
0.025891
0.026608
0.026582
0.025806
0.024486
0.022953
0.000000
0.000000
0.020709
0.021932
0.023088
0.023928
0.024220
0.023866
0.022954
0.021715
0.020402
0.000000
0.000000
0.018655
0.019708
0.020767
0.021647
0.022140
0.022105
0.021539
0.020584
0.019448
0.018318
0.000000
0.000000
0.016950
0.017863
0.018822
0.019693
0.020302
0.020499
0.020223
0.019536
0.018592
0.017564
0.016586
0.000000
0.000000
0.015515
0.016311
0.017174
0.018009
0.018676
0.019034
0.018991
0.018549
0.017804
0.016900
0.015976
0.015127
0.000000
0.000000
0.014293
0.014989
0.015765
0.016549
0.017236
0.017698
0.017834
0.017606
0.017058
0.016297
0.015450
0.014623
0.013884
0.000000
0.000000
0.013242
0.013853
0.014548
0.015277
0.015957
0.016481
0.016749
0.016700
0.016337
0.015730
0.014982
0.014198
0.013461
0.012816
0.000000
0.000000
0.012332
0.012869
0.013491
0.014162
0.014819
0.015374
0.015734
0.015829
0.015633
0.015179
0.014546
0.013828
0.013111
0.012455
0.011891
0.000000
0.000000
0.011538
0.012011
0.012567
0.013181
0.013805
0.014369
0.014790
0.014995
0.014941
0.014634
0.014124
0.013489
0.012812
0.012160
0.011578
0.011085
0.000000
0.000000
0.010842
0.011258
0.011753
0.012313
0.012899
0.013456
0.013913
0.014199
0.014264
0.014090
0.013705
0.013165
0.012545
0.011915
0.011326
0.010810
0.010380
0.000000
0.000000
0.010229
0.010593
0.011034
0.011541
0.012087
0.012628
0.013102
0.013445
0.013604
0.013547
0.013281
0.012844
0.012295
0.011701
0.011119
0.010590
0.010136
0.009760
0.000000
0.000000
0.009685
0.010004
0.010395
0.010853
0.011359
0.011876
0.012354
0.012735
0.012965
0.013007
0.012851
0.012517
0.012049
0.011506
0.010945
0.010412
0.009939
0.009540
0.009214
0.000000
0.000000
0.009199
0.009476
0.009822
0.010236
0.010703
0.011194
0.011666
0.012068
0.012351
0.012473
0.012415
0.012180
0.011800
0.011319
0.010792
0.010266
0.009781
0.009360
0.009011
0.008729
0.000000
0.000000
0.008745
0.008994
0.009302
0.009677
0.010110
0.010574
0.011034
0.011446
0.011765
0.011950
0.011975
0.011833
0.011540
0.011131
0.010651
0.010145
0.009656
0.009214
0.008838
0.008532
0.008280
0.000000
0.000000
0.008278
0.008538
0.008821
0.009168
0.009571
0.010010
0.010455
0.010869
0.011211
0.011442
0.011535
0.011475
0.011268
0.010935
0.010512
0.010040
0.009560
0.009105
0.008701
0.008361
0.008085
0.007824
0.000000
0.000000
0.007913
0.008135
0.008391
0.008704
0.009081
0.009497
0.009926
0.010335
0.010689
0.010954
0.011100
0.011110
0.010981
0.010725
0.010368
0.009942
0.009485
0.009030
0.008607
0.008238
0.007937
0.007682
0.007443
0.000000
0.000000
0.007585
0.007793
0.008049
0.008305
0.008646
0.009036
0.009446
0.009845
0.010203
0.010489
0.010675
0.010742
0.010682
0.010500
0.010211
0.009841
0.009421
0.008983
0.008556
0.008167
0.007840
0.007589
0.007318
0.007092
0.000000
0.000000
0.007298
0.007484
0.007714
0.007995
0.008280
0.008631
0.009015
0.009399
0.009754
0.010051
0.010265
0.010376
0.010374
0.010258
0.010036
0.009728
0.009356
0.008948
0.008534
0.008141
0.007796
0.007524
0.007238
0.006987
0.006786
0.000000
0.000000
0.007049
0.007219
0.007431
0.007691
0.007951
0.008276
0.008633
0.008998
0.009343
0.009642
0.009873
0.010017
0.010062
0.010003
0.009844
0.009597
0.009280
0.008914
0.008525
0.008139
0.007779
0.007472
0.007214
0.006931
0.006701
0.006519
0.000000
0.000000
0.006829
0.006978
0.007169
0.007396
0.007706
0.007983
0.008304
0.008643
0.008972
0.009266
0.009505
0.009670
0.009750
0.009739
0.009635
0.009447
0.009186
0.008870
0.008518
0.008153
0.007798
0.007480
0.007213
0.006897
0.006649
0.006443
0.006284
0.000000
0.000000
0.006645
0.006779
0.006955
0.007175
0.007425
0.007702
0.008012
0.008330
0.008641
0.008924
0.009163
0.009340
0.009445
0.009470
0.009414
0.009279
0.009073
0.008808
0.008500
0.008166
0.007826
0.007500
0.007205
0.006931
0.006654
0.006417
0.006230
0.006087
0.000000
0.000000
0.006485
0.006604
0.006759
0.006952
0.007189
0.007487
0.007768
0.008061
0.008350
0.008618
0.008850
0.009031
0.009152
0.009204
0.009184
0.009094
0.008939
0.008725
0.008464
0.008170
0.007858
0.007546
0.007249
0.006977
0.006672
0.006415
0.006208
0.006043
0.005919
0.000000
0.000000
0.006358
0.006463
0.006607
0.006784
0.006994
0.007267
0.007543
0.007823
0.008094
0.008346
0.008567
0.008747
0.008874
0.008944
0.008953
0.008900
0.008787
0.008621
0.008407
0.008157
0.007880
0.007591
0.007302
0.007026
0.006751
0.006463
0.006233
0.006043
0.005892
0.005783
0.000000
0.000000
0.006261
0.006349
0.006478
0.006645
0.006843
0.007069
0.007337
0.007613
0.007871
0.008107
0.008316
0.008488
0.008617
0.008697
0.008725
0.008700
0.008623
0.008498
0.008329
0.008122
0.007886
0.007629
0.007360
0.007089
0.006820
0.006546
0.006295
0.006081
0.005904
0.005770
0.005679
0.000000
0.000000
0.006193
0.006264
0.006373
0.006520
0.006705
0.006917
0.007183
0.007440
0.007680
0.007900
0.008094
0.008256
0.008381
0.008465
0.008505
0.008501
0.008452
0.008362
0.008231
0.008066
0.007870
0.007650
0.007413
0.007165
0.006911
0.006656
0.006377
0.006146
0.005947
0.005792
0.005678
0.005605
0.000000
0.000000
0.006156
0.006212
0.006305
0.006434
0.006599
0.006801
0.007042
0.007294
0.007520
0.007724
0.007903
0.008053
0.008170
0.008253
0.008299
0.008308
0.008280
0.008216
0.008119
0.007990
0.007834
0.007652
0.007450
0.007232
0.007002
0.006764
0.006508
0.006252
0.006032
0.005855
0.005718
0.005621
0.005563
0.000000
0.000000
0.006145
0.006190
0.006269
0.006383
0.006530
0.006708
0.006934
0.007166
0.007384
0.007575
0.007740
0.007877
0.007985
0.008063
0.008109
0.008125
0.008111
0.008068
0.007997
0.007900
0.007778
0.007633
0.007467
0.007282
0.007082
0.006867
0.006637
0.006396
0.006152
0.005956
0.005797
0.005676
0.005594
0.005550
0.000000
0.000000
0.006159
0.006192
0.006260
0.006359
0.006493
0.006657
0.006848
0.007066
0.007272
0.007453
0.007605
0.007730
0.007826
0.007896
0.007939
0.007957
0.007951
0.007922
0.007871
0.007799
0.007707
0.007595
0.007464
0.007314
0.007147
0.006962
0.006758
0.006540
0.006307
0.006091
0.005911
0.005767
0.005663
0.005593
0.005561
0.000000
0.000000
0.006200
0.006218
0.006273
0.006361
0.006476
0.006624
0.006799
0.007014
0.007199
0.007362
0.007499
0.007610
0.007695
0.007755
0.007792
0.007808
0.007804
0.007783
0.007746
0.007693
0.007625
0.007542
0.007443
0.007327
0.007194
0.007043
0.006873
0.006685
0.006482
0.006247
0.006051
0.005890
0.005765
0.005673
0.005617
0.005601
0.000000
0.000000
0.006272
0.006273
0.006313
0.006389
0.006497
0.006626
0.006786
0.006981
0.007157
0.007303
0.007424
0.007520
0.007591
0.007640
0.007668
0.007679
0.007675
0.007657
0.007628
0.007589
0.007539
0.007479
0.007407
0.007322
0.007223
0.007107
0.006972
0.006819
0.006647
0.006446
0.006228
0.006049
0.005907
0.005791
0.005712
0.005671
0.005672
0.000000
0.000000
0.006373
0.006363
0.006384
0.006444
0.006538
0.006664
0.006803
0.006980
0.007140
0.007273
0.007378
0.007459
0.007516
0.007553
0.007571
0.007574
0.007565
0.007546
0.007521
0.007490
0.007453
0.007411
0.007361
0.007303
0.007234
0.007151
0.007051
0.006934
0.006796
0.006633
0.006443
0.006242
0.006084
0.005947
0.005845
0.005782
0.005760
0.005774
0.000000
0.000000
0.006504
0.006481
0.006493
0.006534
0.006610
0.006719
0.006859
0.007012
0.007152
0.007269
0.007361
0.007427
0.007470
0.007493
0.007499
0.007493
0.007477
0.007454
0.007429
0.007401
0.007372
0.007342
0.007310
0.007273
0.007230
0.007177
0.007111
0.007028
0.006926
0.006801
0.006651
0.006474
0.006295
0.006140
0.006019
0.005934
0.005891
0.005879
0.005907
0.000000
0.000000
0.006668
0.006626
0.006627
0.006663
0.006721
0.006815
0.006937
0.007060
0.007188
0.007293
0.007371
0.007423
0.007452
0.007462
0.007455
0.007438
0.007412
0.007384
0.007354
0.007326
0.007301
0.007278
0.007258
0.007238
0.007216
0.007189
0.007152
0.007102
0.007035
0.006946
0.006834
0.006696
0.006533
0.006378
0.006234
0.006128
0.006063
0.006025
0.006027
0.006074
0.000000
0.000000
0.006856
0.006806
0.006784
0.006808
0.006865
0.006935
0.007043
0.007157
0.007257
0.007345
0.007409
0.007448
0.007463
0.007459
0.007439
0.007409
0.007373
0.007335
0.007299
0.007268
0.007242
0.007223
0.007210
0.007202
0.007196
0.007189
0.007178
0.007158
0.007124
0.007071
0.006997
0.006897
0.006773
0.006636
0.006483
0.006352
0.006271
0.006209
0.006185
0.006210
0.006268
0.000000
0.000000
0.007081
0.007009
0.006985
0.006980
0.007021
0.007097
0.007183
0.007281
0.007364
0.007431
0.007478
0.007503
0.007504
0.007485
0.007452
0.007408
0.007360
0.007311
0.007267
0.007228
0.007199
0.007179
0.007169
0.007168
0.007174
0.007184
0.007193
0.007198
0.007194
0.007176
0.007138
0.007078
0.006993
0.006889
0.006766
0.006623
0.006512
0.006431
0.006385
0.006390
0.006419
0.006500
0.000000
0.000000
0.007335
0.007256
0.007204
0.007210
0.007220
0.007285
0.007334
0.007423
0.007495
0.007548
0.007579
0.007587
0.007573
0.007540
0.007492
0.007435
0.007373
0.007312
0.007257
0.007210
0.007174
0.007150
0.007139
0.007141
0.007154
0.007175
0.007201
0.007227
0.007249
0.007261
0.007259
0.007236
0.007191
0.007122
0.007032
0.006920
0.006790
0.006709
0.006633
0.006617
0.006616
0.006673
0.006764
0.000000
0.000000
0.007626
0.007526
0.007473
0.007436
0.007468
0.007497
0.007537
0.007593
0.007652
0.007693
0.007710
0.007702
0.007673
0.007624
0.007561
0.007488
0.007412
0.007338
0.007270
0.007212
0.007167
0.007137
0.007122
0.007123
0.007139
0.007167
0.007204
0.007247
0.007290
0.007329
0.007358
0.007371
0.007364
0.007334
0.007279
0.007200
0.007101
0.007007
0.006927
0.006878
0.006852
0.006891
0.006953
0.007068
0.000000
0.000000
0.007959
0.007840
0.007761
0.007740
0.007727
0.007707
0.007758
0.007801
0.007841
0.007867
0.007870
0.007848
0.007802
0.007737
0.007658
0.007569
0.007478
0.007389
0.007307
0.007236
0.007181
0.007141
0.007120
0.007117
0.007131
0.007162
0.007206
0.007260
0.007320
0.007381
0.007438
0.007484
0.007513
0.007522
0.007506
0.007464
0.007399
0.007321
0.007243
0.007163
0.007155
0.007156
0.007190
0.007280
0.007417
0.000000
0.000000
0.008319
0.008183
0.008094
0.008024
0.007969
0.007986
0.008001
0.008038
0.008064
0.008074
0.008061
0.008023
0.007961
0.007879
0.007782
0.007676
0.007568
0.007463
0.007366
0.007282
0.007213
0.007163
0.007132
0.007122
0.007132
0.007162
0.007209
0.007270
0.007342
0.007420
0.007499
0.007574
0.007637
0.007683
0.007708
0.007707
0.007680
0.007631
0.007568
0.007497
0.007455
0.007421
0.007467
0.007536
0.007641
0.007801
0.000000
0.000000
0.008778
0.008574
0.008425
0.008332
0.008296
0.008278
0.008294
0.008309
0.008321
0.008314
0.008284
0.008228
0.008148
0.008047
0.007932
0.007808
0.007682
0.007560
0.007446
0.007347
0.007264
0.007201
0.007159
0.007140
0.007143
0.007168
0.007214
0.007277
0.007357
0.007447
0.007544
0.007642
0.007735
0.007817
0.007881
0.007923
0.007938
0.007928
0.007895
0.007846
0.007798
0.007756
0.007757
0.007789
0.007886
0.008045
0.008262
0.000000
0.000000
0.009233
0.009029
0.008855
0.008731
0.008662
0.008635
0.008626
0.008626
0.008617
0.008591
0.008540
0.008464
0.008363
0.008242
0.008107
0.007963
0.007818
0.007677
0.007546
0.007430
0.007331
0.007254
0.007199
0.007169
0.007162
0.007180
0.007221
0.007284
0.007365
0.007463
0.007573
0.007689
0.007807
0.007919
0.008021
0.008105
0.008166
0.008200
0.008209
0.008194
0.008166
0.008133
0.008117
0.008127
0.008188
0.008313
0.008497
0.008715
0.000000
0.000000
0.009719
0.009512
0.009336
0.009195
0.009099
0.009043
0.009012
0.008986
0.008954
0.008904
0.008830
0.008730
0.008606
0.008462
0.008304
0.008138
0.007972
0.007812
0.007662
0.007528
0.007413
0.007320
0.007251
0.007207
0.007189
0.007197
0.007231
0.007289
0.007369
0.007469
0.007586
0.007715
0.007852
0.007990
0.008124
0.008247
0.008353
0.008436
0.008493
0.008524
0.008533
0.008527
0.008520
0.008526
0.008564
0.008652
0.008794
0.008981
0.009203
0.000000
0.000000
0.010264
0.010040
0.009856
0.009707
0.009592
0.009509
0.009449
0.009394
0.009333
0.009254
0.009152
0.009025
0.008873
0.008703
0.008520
0.008331
0.008142
0.007960
0.007791
0.007637
0.007505
0.007395
0.007310
0.007252
0.007221
0.007218
0.007241
0.007292
0.007367
0.007465
0.007584
0.007720
0.007870
0.008028
0.008189
0.008346
0.008493
0.008624
0.008732
0.008816
0.008874
0.008910
0.008933
0.008955
0.008990
0.009056
0.009165
0.009317
0.009511
0.009749
0.000000
0.000000
0.010880
0.010632
0.010431
0.010268
0.010136
0.010028
0.009937
0.009850
0.009754
0.009642
0.009506
0.009346
0.009164
0.008964
0.008753
0.008537
0.008324
0.008119
0.007927
0.007754
0.007603
0.007475
0.007374
0.007300
0.007255
0.007238
0.007250
0.007290
0.007357
0.007450
0.007567
0.007705
0.007861
0.008032
0.008213
0.008398
0.008580
0.008754
0.008913
0.009052
0.009167
0.009258
0.009328
0.009384
0.009439
0.009506
0.009599
0.009726
0.009893
0.010104
0.010368
0.000000
0.000000
0.011581
0.011300
0.011074
0.010890
0.010735
0.010600
0.010475
0.010351
0.010216
0.010064
0.009889
0.009691
0.009472
0.009239
0.008996
0.008751
0.008511
0.008281
0.008067
0.007873
0.007702
0.007556
0.007438
0.007348
0.007287
0.007256
0.007254
0.007282
0.007338
0.007422
0.007533
0.007668
0.007825
0.008003
0.008196
0.008400
0.008611
0.008822
0.009026
0.009218
0.009392
0.009544
0.009673
0.009782
0.009878
0.009971
0.010073
0.010194
0.010346
0.010535
0.010773
0.011070
0.000000
0.000000
0.012380
0.012058
0.011799
0.011584
0.011398
0.011229
0.011065
0.010897
0.010717
0.010517
0.010297
0.010055
0.009795
0.009523
0.009245
0.008968
0.008698
0.008442
0.008204
0.007988
0.007796
0.007632
0.007496
0.007389
0.007312
0.007266
0.007250
0.007264
0.007307
0.007380
0.007480
0.007608
0.007762
0.007939
0.008138
0.008354
0.008584
0.008823
0.009065
0.009303
0.009533
0.009747
0.009943
0.010117
0.010273
0.010415
0.010552
0.010694
0.010851
0.011035
0.011257
0.011530
0.011871
0.000000
0.000000
0.013297
0.012923
0.012619
0.012363
0.012136
0.011922
0.011709
0.011489
0.011254
0.011000
0.010726
0.010433
0.010126
0.009810
0.009493
0.009181
0.008880
0.008595
0.008332
0.008093
0.007881
0.007697
0.007543
0.007419
0.007326
0.007264
0.007233
0.007232
0.007261
0.007320
0.007409
0.007526
0.007671
0.007843
0.008040
0.008259
0.008500
0.008757
0.009026
0.009302
0.009580
0.009852
0.010113
0.010358
0.010586
0.010797
0.010994
0.011183
0.011375
0.011579
0.011806
0.012071
0.012393
0.012790
0.000000
0.000000
0.014355
0.013915
0.013552
0.013240
0.012957
0.012685
0.012411
0.012126
0.011826
0.011507
0.011170
0.010819
0.010458
0.010095
0.009734
0.009383
0.009048
0.008734
0.008444
0.008182
0.007949
0.007747
0.007575
0.007434
0.007325
0.007247
0.007200
0.007184
0.007198
0.007242
0.007316
0.007420
0.007553
0.007714
0.007904
0.008120
0.008362
0.008627
0.008912
0.009215
0.009529
0.009849
0.010168
0.010482
0.010786
0.011076
0.011351
0.011614
0.011868
0.012122
0.012385
0.012670
0.012995
0.013379
0.013849
0.000000
0.000000
0.015586
0.015058
0.014617
0.014230
0.013873
0.013525
0.013173
0.012809
0.012429
0.012034
0.011625
0.011208
0.010787
0.010370
0.009962
0.009570
0.009199
0.008853
0.008537
0.008251
0.007997
0.007776
0.007586
0.007429
0.007303
0.007209
0.007147
0.007115
0.007114
0.007142
0.007200
0.007289
0.007408
0.007556
0.007733
0.007940
0.008175
0.008439
0.008730
0.009046
0.009383
0.009738
0.010104
0.010477
0.010851
0.011220
0.011582
0.011933
0.012274
0.012608
0.012941
0.013282
0.013644
0.014047
0.014516
0.015080
0.000000
0.000000
0.017031
0.016387
0.015840
0.015353
0.014896
0.014449
0.013997
0.013535
0.013061
0.012576
0.012085
0.011593
0.011106
0.010630
0.010172
0.009736
0.009328
0.008950
0.008605
0.008296
0.008021
0.007781
0.007576
0.007402
0.007260
0.007149
0.007071
0.007024
0.007008
0.007020
0.007061
0.007133
0.007236
0.007370
0.007532
0.007725
0.007948
0.008202
0.008488
0.008806
0.009153
0.009528
0.009925
0.010342
0.010773
0.011213
0.011656
0.012099
0.012539
0.012975
0.013406
0.013839
0.014280
0.014744
0.015252
0.015834
0.016523
0.000000
0.000000
0.018746
0.017945
0.017253
0.016629
0.016040
0.015464
0.014886
0.014303
0.013716
0.013127
0.012543
0.011968
0.011410
0.010872
0.010361
0.009880
0.009433
0.009022
0.008649
0.008316
0.008021
0.007763
0.007541
0.007353
0.007196
0.007067
0.006971
0.006909
0.006878
0.006874
0.006898
0.006952
0.007040
0.007159
0.007306
0.007481
0.007688
0.007928
0.008201
0.008510
0.008855
0.009235
0.009648
0.010091
0.010560
0.011053
0.011564
0.012089
0.012624
0.013167
0.013714
0.014265
0.014822
0.015393
0.015993
0.016643
0.017376
0.018232
0.000000
0.000000
0.020809
0.019790
0.018897
0.018087
0.017320
0.016575
0.015839
0.015110
0.014389
0.013682
0.012994
0.012330
0.011696
0.011095
0.010529
0.010003
0.009516
0.009072
0.008671
0.008314
0.008000
0.007726
0.007487
0.007284
0.007114
0.006969
0.006851
0.006771
0.006725
0.006704
0.006714
0.006749
0.006817
0.006925
0.007058
0.007217
0.007406
0.007628
0.007884
0.008176
0.008508
0.008881
0.009294
0.009747
0.010236
0.010760
0.011316
0.011903
0.012516
0.013153
0.013812
0.014489
0.015184
0.015898
0.016638
0.017416
0.018258
0.019200
0.020286
0.000000
0.000000
0.023330
0.022000
0.020825
0.019756
0.018753
0.017790
0.016857
0.015951
0.015076
0.014236
0.013435
0.012677
0.011965
0.011299
0.010680
0.010108
0.009584
0.009107
0.008678
0.008298
0.007963
0.007675
0.007423
0.007199
0.007016
0.006860
0.006723
0.006612
0.006552
0.006510
0.006501
0.006528
0.006573
0.006668
0.006793
0.006937
0.007108
0.007317
0.007553
0.007823
0.008136
0.008491
0.008893
0.009340
0.009832
0.010367
0.010945
0.011566
0.012230
0.012936
0.013684
0.014473
0.015301
0.016168
0.017076
0.018030
0.019046
0.020149
0.021381
0.022792
0.000000
0.000000
0.026472
0.024683
0.023102
0.021675
0.020355
0.019113
0.017936
0.016822
0.015771
0.014785
0.013864
0.013008
0.012217
0.011488
0.010819
0.010205
0.009645
0.009136
0.008680
0.008276
0.007927
0.007617
0.007360
0.007123
0.006905
0.006740
0.006587
0.006468
0.006371
0.006302
0.006272
0.006276
0.006323
0.006403
0.006506
0.006646
0.006798
0.007004
0.007228
0.007472
0.007763
0.008092
0.008474
0.008904
0.009385
0.009915
0.010493
0.011123
0.011808
0.012550
0.013352
0.014217
0.015148
0.016147
0.017217
0.018363
0.019592
0.020921
0.022383
0.024027
0.025912
0.000000
0.000000
0.030482
0.027992
0.025815
0.023888
0.022147
0.020551
0.019078
0.017721
0.016472
0.015328
0.014282
0.013328
0.012459
0.011670
0.010953
0.010302
0.009710
0.009173
0.008689
0.008265
0.007892
0.007586
0.007292
0.007070
0.006842
0.006631
0.006454
0.006319
0.006206
0.006132
0.006082
0.006070
0.006097
0.006145
0.006229
0.006339
0.006499
0.006701
0.006924
0.007137
0.007418
0.007711
0.008066
0.008471
0.008932
0.009444
0.010008
0.010626
0.011305
0.012050
0.012869
0.013769
0.014757
0.015842
0.017032
0.018338
0.019772
0.021348
0.023092
0.025049
0.027290
0.029889
0.000000
0.000000
0.035741
0.032134
0.029067
0.026448
0.024154
0.022112
0.020285
0.018648
0.017182
0.015869
0.014694
0.013642
0.012699
0.011853
0.011093
0.010409
0.009792
0.009232
0.008724
0.008273
0.007894
0.007553
0.007303
0.007017
0.006755
0.006534
0.006354
0.006196
0.006071
0.005984
0.005928
0.005898
0.005907
0.005939
0.006004
0.006105
0.006243
0.006400
0.006596
0.006846
0.007130
0.007373
0.007702
0.008069
0.008504
0.008993
0.009532
0.010124
0.010777
0.011501
0.012305
0.013199
0.014197
0.015312
0.016561
0.017963
0.019540
0.021319
0.023331
0.025620
0.028260
0.031379
0.035107
0.000000
0.000000
0.042889
0.037380
0.032993
0.029427
0.026412
0.023817
0.021568
0.019614
0.017910
0.016421
0.015114
0.013964
0.012948
0.012048
0.011248
0.010535
0.009897
0.009322
0.008798
0.008323
0.007914
0.007598
0.007289
0.006969
0.006714
0.006467
0.006275
0.006112
0.005970
0.005867
0.005800
0.005761
0.005752
0.005771
0.005819
0.005903
0.006027
0.006169
0.006342
0.006572
0.006805
0.007112
0.007417
0.007726
0.008125
0.008589
0.009099
0.009657
0.010274
0.010959
0.011726
0.012586
0.013555
0.014652
0.015898
0.017322
0.018956
0.020843
0.023034
0.025589
0.028590
0.032167
0.036580
0.042207
0.000000
0.000000
0.052995
0.044043
0.037791
0.032948
0.028989
0.025701
0.022953
0.020640
0.018679
0.017003
0.015561
0.014312
0.013223
0.012269
0.011430
0.010689
0.010031
0.009444
0.008914
0.008426
0.007990
0.007645
0.007292
0.006976
0.006688
0.006446
0.006229
0.006055
0.005907
0.005787
0.005706
0.005656
0.005636
0.005641
0.005675
0.005741
0.005847
0.005979
0.006137
0.006341
0.006565
0.006841
0.007140
0.007480
0.007820
0.008251
0.008732
0.009253
0.009827
0.010466
0.011184
0.011994
0.012911
0.013957
0.015157
0.016541
0.018151
0.020041
0.022280
0.024961
0.028199
0.032142
0.036998
0.043248
0.052276
0.000000
0.000000
0.067335
0.052579
0.043892
0.037240
0.031987
0.027819
0.024478
0.021761
0.019520
0.017647
0.016063
0.014710
0.013545
0.012535
0.011653
0.010881
0.010201
0.009599
0.009064
0.008577
0.008119
0.007712
0.007346
0.007008
0.006714
0.006449
0.006227
0.006034
0.005875
0.005746
0.005649
0.005586
0.005555
0.005549
0.005570
0.005622
0.005709
0.005828
0.005974
0.006158
0.006368
0.006623
0.006905
0.007232
0.007585
0.007985
0.008441
0.008925
0.009455
0.010047
0.010713
0.011466
0.012324
0.013304
0.014433
0.015743
0.017275
0.019088
0.021260
0.023900
0.027163
0.031269
0.036504
0.043206
0.051933
0.065859
0.000000
0.000000
0.082272
0.065183
0.052023
0.042465
0.035443
0.030200
0.026178
0.023015
0.020471
0.018386
0.016651
0.015187
0.013939
0.012865
0.011935
0.011124
0.010414
0.009791
0.009241
0.008752
0.008297
0.007827
0.007442
0.007085
0.006772
0.006499
0.006259
0.006056
0.005881
0.005741
0.005632
0.005555
0.005510
0.005494
0.005504
0.005543
0.005615
0.005718
0.005852
0.006021
0.006218
0.006452
0.006719
0.007026
0.007377
0.007751
0.008214
0.008670
0.009160
0.009707
0.010324
0.011025
0.011823
0.012736
0.013789
0.015011
0.016444
0.018140
0.020177
0.022662
0.025754
0.029694
0.034851
0.041812
0.051404
0.064978
0.080276
0.000000
0.000000
0.000000
0.000000
0.000000
0.000000
0.000000
0.000000
0.000000
0.000000
0.000000
0.000000
0.000000
0.000000
0.000000
0.000000
0.000000
0.000000
0.000000
0.000000
0.000000
0.000000
0.000000
0.000000
0.000000
0.000000
0.000000
0.000000
0.000000
0.000000
0.000000
0.000000
0.000000
0.000000
0.000000
0.000000
0.000000
0.000000
0.000000
0.000000
0.000000
0.000000
0.000000
0.000000
0.000000
0.000000
0.000000
0.000000
0.000000
0.000000
0.000000
0.000000
0.000000
0.000000
0.000000
0.000000
0.000000
0.000000
0.000000
0.000000
0.000000
0.000000
0.000000
0.000000
0.000000
0.000000
0.000000
0.000000
0.000000
0.000000
0.000000
