0.004978
0.091570
0.107886
0.030373
0.087093
0.093715
0.041440
0.091080
0.066817
0.068974
0.045890
0.090710
0.074979
0.051024
0.057801
0.048311
0.090586
0.080142
0.060277
0.040599
0.051692
0.050065
0.090644
0.082509
0.067194
0.049306
0.034404
0.048310
0.051346
0.090525
0.083121
0.071630
0.056674
0.040734
0.030660
0.047397
0.052473
0.090630
0.083199
0.073978
0.060722
0.048769
0.034967
0.028450
0.047519
0.053504
0.090835
0.083128
0.074354
0.063285
0.052678
0.042374
0.031733
0.027010
0.048391
0.054589
0.091531
0.082949
0.074364
0.064832
0.054997
0.046653
0.037778
0.029619
0.026569
0.048956
0.055693
0.092371
0.083107
0.074074
0.065361
0.056197
0.048791
0.042141
0.034780
0.028550
0.026183
0.049717
0.056826
0.093423
0.083368
0.073890
0.065137
0.056793
0.049856
0.044175
0.038707
0.033063
0.027836
0.026083
0.050380
0.057981
0.094670
0.083859
0.073719
0.064702
0.056917
0.050353
0.045132
0.040654
0.036273
0.031999
0.027546
0.026071
0.050938
0.059170
0.096172
0.084664
0.073784
0.064543
0.056841
0.050530
0.045596
0.041667
0.038205
0.034815
0.031325
0.027498
0.026130
0.051251
0.060397
0.097896
0.085852
0.074409
0.064614
0.056624
0.050370
0.045659
0.042050
0.039162
0.036653
0.034089
0.031116
0.027430
0.026130
0.051308
0.061661
0.099716
0.087296
0.075276
0.064792
0.056227
0.049733
0.045110
0.041779
0.039284
0.037417
0.035791
0.033810
0.031061
0.027393
0.026049
0.051347
0.062931
0.101592
0.088826
0.076245
0.065050
0.055785
0.048779
0.043957
0.040769
0.038665
0.037321
0.036417
0.035418
0.033729
0.031051
0.027353
0.025973
0.051402
0.064187
0.103502
0.090380
0.077269
0.065404
0.055438
0.047809
0.042539
0.039202
0.037336
0.036519
0.036230
0.035977
0.035285
0.033704
0.031038
0.027316
0.025926
0.051470
0.065426
0.105439
0.091949
0.078337
0.065862
0.055247
0.047000
0.041188
0.037459
0.035515
0.035046
0.035373
0.035763
0.035810
0.035228
0.033680
0.031016
0.027290
0.025908
0.051538
0.066652
0.107401
0.093541
0.079453
0.066423
0.055219
0.046398
0.040047
0.035837
0.033566
0.033105
0.033858
0.034901
0.035591
0.035736
0.035184
0.033649
0.030992
0.027278
0.025911
0.051596
0.067868
0.109383
0.095167
0.080625
0.067081
0.055338
0.045988
0.039135
0.034446
0.031753
0.031040
0.031872
0.033381
0.034736
0.035518
0.035686
0.035143
0.033616
0.030972
0.027277
0.025925
0.051643
0.068838
0.111385
0.096831
0.081855
0.067826
0.055581
0.045741
0.038423
0.033291
0.030176
0.029109
0.029755
0.031385
0.033226
0.034676
0.035474
0.035645
0.035105
0.033588
0.030960
0.027283
0.025941
0.051677
0.070691
0.111833
0.098532
0.083142
0.068651
0.055928
0.045627
0.037877
0.032336
0.028832
0.027409
0.027765
0.029251
0.031232
0.033177
0.034644
0.035440
0.035610
0.035075
0.033568
0.030955
0.027291
0.025955
0.051702
0.072071
0.111892
0.098152
0.084484
0.069545
0.056364
0.045622
0.037466
0.031548
0.027689
0.025940
0.026003
0.027240
0.029096
0.031191
0.033158
0.034622
0.035413
0.035583
0.035053
0.033554
0.030953
0.027300
0.025967
0.051718
0.073020
0.111710
0.097541
0.083259
0.070501
0.056874
0.045708
0.037166
0.030896
0.026713
0.024672
0.024470
0.025454
0.027079
0.029057
0.031179
0.033147
0.034605
0.035392
0.035564
0.035038
0.033547
0.030954
0.027307
0.025976
0.051728
0.073644
0.111427
0.096851
0.081964
0.068498
0.057447
0.045870
0.036958
0.030355
0.025873
0.023570
0.023137
0.023896
0.025287
0.027040
0.029048
0.031175
0.033139
0.034593
0.035378
0.035551
0.035029
0.033544
0.030956
0.027312
0.025982
0.051734
0.074040
0.111136
0.096197
0.080749
0.066575
0.054786
0.046096
0.036826
0.029907
0.025146
0.022607
0.021971
0.022538
0.023722
0.025247
0.027033
0.029047
0.031173
0.033135
0.034584
0.035369
0.035543
0.035025
0.033543
0.030958
0.027316
0.025985
0.051737
0.074280
0.110889
0.095649
0.079713
0.064881
0.052339
0.042928
0.036760
0.029537
0.024515
0.021759
0.020944
0.021348
0.022358
0.023681
0.025239
0.027032
0.029047
0.031172
0.033132
0.034580
0.035363
0.035539
0.035023
0.033543
0.030960
0.027318
0.025986
0.051738
0.074413
0.110702
0.095229
0.078897
0.063496
0.050253
0.040089
0.033229
0.029235
0.023964
0.021008
0.020034
0.020297
0.021160
0.022315
0.023674
0.025239
0.027033
0.029048
0.031173
0.033131
0.034578
0.035361
0.035538
0.035023
0.033544
0.030962
0.027318
0.025986
0.051738
0.074475
0.110578
0.094934
0.078297
0.062436
0.048586
0.037715
0.030117
0.025450
0.023481
0.020339
0.019223
0.019364
0.020103
0.021116
0.022307
0.023673
0.025240
0.027035
0.029050
0.031174
0.033132
0.034578
0.035362
0.035538
0.035024
0.033546
0.030962
0.027318
0.025986
0.051737
0.074495
0.110507
0.094746
0.077888
0.061674
0.047331
0.035846
0.027550
0.022154
0.019528
0.019741
0.018496
0.018530
0.019163
0.020057
0.021108
0.022307
0.023675
0.025242
0.027036
0.029051
0.031176
0.033134
0.034580
0.035363
0.035540
0.035026
0.033547
0.030963
0.027317
0.025984
0.051736
0.074495
0.110474
0.094645
0.077634
0.061159
0.046438
0.034454
0.025548
0.019459
0.016113
0.015691
0.017840
0.017780
0.018322
0.019116
0.020049
0.021108
0.022308
0.023676
0.025243
0.027038
0.029053
0.031179
0.033137
0.034584
0.035366
0.035542
0.035028
0.033548
0.030962
0.027316
0.025982
0.051734
0.074488
0.110460
0.094602
0.077500
0.060844
0.045840
0.033471
0.024068
0.017373
0.013339
0.012210
0.013746
0.017104
0.017567
0.018274
0.019108
0.020049
0.021110
0.022310
0.023678
0.025245
0.027040
0.029056
0.031181
0.033141
0.034588
0.035370
0.035545
0.035030
0.033550
0.030962
0.027314
0.025980
0.051732
0.074480
0.110455
0.094587
0.077445
0.060679
0.045475
0.032815
0.023028
0.015838
0.011202
0.009394
0.010235
0.012994
0.016884
0.017518
0.018266
0.019108
0.020051
0.021111
0.022312
0.023679
0.025247
0.027042
0.029058
0.031184
0.033145
0.034593
0.035375
0.035549
0.035032
0.033551
0.030961
0.027312
0.025978
0.051729
0.074471
0.110452
0.094585
0.077429
0.060611
0.045285
0.032416
0.022336
0.014763
0.009636
0.007233
0.007402
0.009473
0.012770
0.016834
0.017510
0.018266
0.019110
0.020052
0.021113
0.022313
0.023681
0.025248
0.027044
0.029060
0.031188
0.033150
0.034598
0.035379
0.035552
0.035034
0.033551
0.030961
0.027310
0.025975
0.051726
0.074463
0.110449
0.094585
0.077428
0.060592
0.045205
0.032207
0.021915
0.014049
0.008541
0.005652
0.005232
0.006634
0.009246
0.012718
0.016826
0.017510
0.018268
0.019111
0.020054
0.021115
0.022315
0.023683
0.025250
0.027046
0.029063
0.031191
0.033154
0.034603
0.035384
0.035555
0.035037
0.033552
0.030960
0.027307
0.025973
0.051723
0.074455
0.110447
0.094587
0.077432
0.060591
0.045181
0.032119
0.021695
0.013614
0.007815
0.004550
0.003647
0.004461
0.006406
0.009194
0.012710
0.016826
0.017511
0.018270
0.019113
0.020056
0.021116
0.022317
0.023685
0.025252
0.027048
0.029065
0.031195
0.033159
0.034609
0.035389
0.035559
0.035039
0.033553
0.030959
0.027305
0.025970
0.051719
0.074447
0.110445
0.094589
0.077436
0.060596
0.045178
0.032091
0.021600
0.013384
0.007372
0.003819
0.002544
0.002877
0.004233
0.006354
0.009185
0.012710
0.016827
0.017513
0.018271
0.019115
0.020058
0.021118
0.022318
0.023686
0.025254
0.027050
0.029068
0.031199
0.033164
0.034615
0.035394
0.035562
0.035041
0.033553
0.030957
0.027302
0.025967
0.051716
0.074440
0.110443
0.094590
0.077441
0.060601
0.045181
0.032086
0.021568
0.013284
0.007138
0.003375
0.001814
0.001773
0.002648
0.004180
0.006344
0.009185
0.012711
0.016829
0.017515
0.018273
0.019116
0.020059
0.021120
0.022320
0.023688
0.025256
0.027052
0.029071
0.031202
0.033169
0.034620
0.035398
0.035565
0.035042
0.033554
0.030956
0.027300
0.025964
0.051712
0.074433
0.110441
0.094592
0.077445
0.060607
0.045186
0.032087
0.021560
0.013248
0.007034
0.003141
0.001371
0.001045
0.001546
0.002595
0.004170
0.006344
0.009186
0.012713
0.016831
0.017517
0.018275
0.019118
0.020061
0.021122
0.022322
0.023690
0.025258
0.027054
0.029073
0.031206
0.033174
0.034626
0.035403
0.035568
0.035044
0.033554
0.030955
0.027297
0.025962
0.051709
0.074426
0.110439
0.094593
0.077449
0.060612
0.045190
0.032090
0.021559
0.013237
0.006996
0.003037
0.001139
0.000604
0.000818
0.001493
0.002586
0.004170
0.006344
0.009187
0.012714
0.016833
0.017518
0.018277
0.019120
0.020063
0.021123
0.022324
0.023692
0.025260
0.027056
0.029076
0.031210
0.033179
0.034631
0.035408
0.035571
0.035046
0.033554
0.030954
0.027295
0.025959
0.051705
0.074419
0.110437
0.094594
0.077453
0.060616
0.045194
0.032093
0.021560
0.013232
0.006982
0.002999
0.001037
0.000373
0.000378
0.000765
0.001483
0.002585
0.004170
0.006345
0.009188
0.012716
0.016835
0.017520
0.018279
0.019122
0.020065
0.021125
0.022326
0.023694
0.025262
0.027059
0.029079
0.031213
0.033184
0.034637
0.035412
0.035574
0.035047
0.033554
0.030952
0.027292
0.025956
0.051701
0.074413
0.110436
0.094595
0.077456
0.060621
0.045198
0.032095
0.021560
0.013230
0.006975
0.002986
0.001001
0.000274
0.000148
0.000326
0.000756
0.001482
0.002585
0.004170
0.006346
0.009189
0.012717
0.016837
0.017522
0.018280
0.019124
0.020066
0.021127
0.022328
0.023696
0.025264
0.027061
0.029082
0.031217
0.033189
0.034642
0.035416
0.035577
0.035048
0.033555
0.030951
0.027290
0.025953
0.051697
0.074406
0.110434
0.094595
0.077459
0.060625
0.045202
0.032098
0.021561
0.013228
0.006971
0.002980
0.000990
0.000239
0.000050
0.000096
0.000316
0.000755
0.001482
0.002585
0.004171
0.006347
0.009190
0.012719
0.016838
0.017524
0.018282
0.019125
0.020068
0.021129
0.022329
0.023698
0.025266
0.027063
0.029084
0.031221
0.033193
0.034646
0.035420
0.035579
0.035050
0.033555
0.030950
0.027287
0.025950
0.051693
0.074400
0.110432
0.094596
0.077462
0.060628
0.045205
0.032100
0.021562
0.013226
0.006967
0.002976
0.000986
0.000230
0.000016
-0.000002
0.000087
0.000315
0.000755
0.001482
0.002586
0.004172
0.006348
0.009192
0.012720
0.016840
0.017526
0.018284
0.019127
0.020070
0.021131
0.022331
0.023700
0.025268
0.027066
0.029087
0.031224
0.033198
0.034651
0.035424
0.035581
0.035051
0.033555
0.030948
0.027285
0.025948
0.051689
0.074395
0.110430
0.094596
0.077464
0.060631
0.045208
0.032102
0.021562
0.013224
0.006964
0.002972
0.000983
0.000227
0.000007
-0.000035
-0.000011
0.000086
0.000315
0.000755
0.001483
0.002586
0.004172
0.006349
0.009193
0.012722
0.016842
0.017527
0.018286
0.019129
0.020072
0.021133
0.022333
0.023702
0.025270
0.027068
0.029090
0.031228
0.033202
0.034655
0.035427
0.035584
0.035052
0.033555
0.030947
0.027283
0.025945
0.051684
0.074389
0.110429
0.094596
0.077465
0.060633
0.045210
0.032104
0.021563
0.013223
0.006961
0.002970
0.000982
0.000226
0.000005
-0.000044
-0.000044
-0.000012
0.000086
0.000316
0.000755
0.001483
0.002586
0.004173
0.006350
0.009194
0.012723
0.016844
0.017529
0.018287
0.019131
0.020074
0.021134
0.022335
0.023704
0.025272
0.027070
0.029093
0.031231
0.033206
0.034659
0.035430
0.035586
0.035053
0.033555
0.030946
0.027281
0.025942
0.051680
0.074384
0.110427
0.094596
0.077467
0.060636
0.045212
0.032105
0.021563
0.013222
0.006958
0.002967
0.000980
0.000225
0.000005
-0.000046
-0.000053
-0.000045
-0.000011
0.000087
0.000316
0.000755
0.001483
0.002587
0.004174
0.006350
0.009195
0.012724
0.016845
0.017531
0.018289
0.019133
0.020076
0.021136
0.022337
0.023706
0.025275
0.027073
0.029096
0.031234
0.033210
0.034663
0.035433
0.035587
0.035054
0.033555
0.030945
0.027279
0.025940
0.051675
0.074379
0.110426
0.094596
0.077468
0.060637
0.045214
0.032106
0.021564
0.013221
0.006956
0.002965
0.000979
0.000225
0.000005
-0.000046
-0.000055
-0.000054
-0.000045
-0.000011
0.000087
0.000316
0.000756
0.001484
0.002587
0.004174
0.006351
0.009196
0.012726
0.016847
0.017533
0.018291
0.019134
0.020077
0.021138
0.022339
0.023708
0.025277
0.027075
0.029098
0.031238
0.033213
0.034666
0.035436
0.035589
0.035055
0.033555
0.030944
0.027277
0.025937
0.051670
0.074374
0.110425
0.094596
0.077468
0.060638
0.045215
0.032108
0.021564
0.013220
0.006955
0.002963
0.000978
0.000225
0.000005
-0.000046
-0.000055
-0.000055
-0.000053
-0.000044
-0.000010
0.000088
0.000317
0.000756
0.001484
0.002588
0.004175
0.006352
0.009197
0.012727
0.016849
0.017534
0.018293
0.019136
0.020079
0.021140
0.022341
0.023710
0.025279
0.027078
0.029101
0.031241
0.033217
0.034670
0.035438
0.035591
0.035056
0.033555
0.030943
0.027275
0.025935
0.051665
0.074370
0.110424
0.094595
0.077468
0.060639
0.045216
0.032108
0.021565
0.013220
0.006954
0.002962
0.000977
0.000224
0.000005
-0.000046
-0.000055
-0.000056
-0.000055
-0.000053
-0.000043
-0.000010
0.000088
0.000317
0.000757
0.001484
0.002589
0.004176
0.006353
0.009198
0.012729
0.016850
0.017536
0.018294
0.019138
0.020081
0.021142
0.022343
0.023712
0.025282
0.027080
0.029104
0.031244
0.033220
0.034673
0.035441
0.035592
0.035057
0.033555
0.030942
0.027273
0.025933
0.051660
0.074366
0.110423
0.094595
0.077468
0.060639
0.045216
0.032109
0.021565
0.013220
0.006953
0.002961
0.000977
0.000224
0.000005
-0.000045
-0.000054
-0.000055
-0.000055
-0.000054
-0.000052
-0.000043
-0.000009
0.000088
0.000317
0.000757
0.001485
0.002589
0.004176
0.006354
0.009200
0.012730
0.016852
0.017538
0.018296
0.019140
0.020083
0.021144
0.022346
0.023715
0.025284
0.027083
0.029107
0.031247
0.033223
0.034675
0.035443
0.035594
0.035057
0.033555
0.030942
0.027272
0.025931
0.051655
0.074363
0.110423
0.094594
0.077468
0.060639
0.045216
0.032109
0.021566
0.013220
0.006953
0.002961
0.000976
0.000224
0.000005
-0.000045
-0.000054
-0.000055
-0.000055
-0.000055
-0.000054
-0.000052
-0.000042
-0.000009
0.000089
0.000318
0.000757
0.001485
0.002590
0.004177
0.006355
0.009201
0.012731
0.016854
0.017539
0.018298
0.019142
0.020085
0.021146
0.022348
0.023717
0.025286
0.027086
0.029110
0.031250
0.033226
0.034678
0.035445
0.035595
0.035058
0.033555
0.030942
0.027271
0.025929
0.051650
0.074360
0.110422
0.094594
0.077467
0.060638
0.045216
0.032109
0.021566
0.013221
0.006953
0.002961
0.000976
0.000224
0.000005
-0.000045
-0.000054
-0.000055
-0.000055
-0.000054
-0.000054
-0.000053
-0.000051
-0.000042
-0.000009
0.000089
0.000318
0.000758
0.001486
0.002590
0.004178
0.006356
0.009202
0.012733
0.016855
0.017541
0.018300
0.019143
0.020087
0.021148
0.022350
0.023719
0.025289
0.027088
0.029113
0.031253
0.033229
0.034680
0.035446
0.035597
0.035059
0.033556
0.030942
0.027270
0.025928
0.051645
0.074357
0.110423
0.094593
0.077466
0.060637
0.045216
0.032109
0.021566
0.013222
0.006954
0.002962
0.000977
0.000224
0.000005
-0.000045
-0.000054
-0.000055
-0.000055
-0.000054
-0.000054
-0.000054
-0.000053
-0.000051
-0.000042
-0.000008
0.000090
0.000319
0.000758
0.001487
0.002591
0.004179
0.006357
0.009203
0.012734
0.016857
0.017543
0.018301
0.019145
0.020089
0.021150
0.022352
0.023722
0.025291
0.027091
0.029115
0.031256
0.033231
0.034682
0.035448
0.035598
0.035060
0.033557
0.030942
0.027270
0.025927
0.051640
0.074355
0.110423
0.094593
0.077465
0.060636
0.045215
0.032109
0.021567
0.013223
0.006956
0.002963
0.000977
0.000225
0.000005
-0.000045
-0.000054
-0.000055
-0.000054
-0.000054
-0.000054
-0.000053
-0.000053
-0.000053
-0.000050
-0.000041
-0.000008
0.000090
0.000319
0.000759
0.001487
0.002592
0.004180
0.006358
0.009204
0.012735
0.016858
0.017544
0.018303
0.019147
0.020091
0.021152
0.022354
0.023724
0.025294
0.027094
0.029118
0.031259
0.033234
0.034684
0.035449
0.035599
0.035062
0.033557
0.030943
0.027270
0.025926
0.051636
0.074354
0.110424
0.094592
0.077463
0.060634
0.045214
0.032109
0.021567
0.013224
0.006958
0.002964
0.000978
0.000225
0.000005
-0.000045
-0.000054
-0.000055
-0.000054
-0.000054
-0.000054
-0.000053
-0.000053
-0.000053
-0.000052
-0.000050
-0.000041
-0.000008
0.000090
0.000320
0.000759
0.001488
0.002593
0.004180
0.006359
0.009205
0.012736
0.016860
0.017546
0.018305
0.019149
0.020093
0.021154
0.022356
0.023726
0.025297
0.027096
0.029121
0.031261
0.033236
0.034685
0.035451
0.035601
0.035063
0.033559
0.030944
0.027271
0.025927
0.051631
0.074353
0.110425
0.094592
0.077461
0.060632
0.045212
0.032108
0.021567
0.013226
0.006960
0.002966
0.000979
0.000225
0.000005
-0.000045
-0.000054
-0.000055
-0.000054
-0.000054
-0.000054
-0.000053
-0.000053
-0.000053
-0.000052
-0.000052
-0.000050
-0.000041
-0.000007
0.000091
0.000320
0.000760
0.001489
0.002593
0.004181
0.006359
0.009206
0.012738
0.016862
0.017547
0.018307
0.019151
0.020095
0.021157
0.022359
0.023729
0.025299
0.027099
0.029124
0.031264
0.033238
0.034687
0.035452
0.035602
0.035064
0.033560
0.030946
0.027272
0.025928
0.051628
0.074353
0.110427
0.094592
0.077459
0.060630
0.045211
0.032107
0.021568
0.013228
0.006963
0.002968
0.000980
0.000226
0.000005
-0.000045
-0.000054
-0.000054
-0.000054
-0.000054
-0.000053
-0.000053
-0.000053
-0.000052
-0.000052
-0.000052
-0.000051
-0.000049
-0.000040
-0.000007
0.000091
0.000321
0.000761
0.001489
0.002594
0.004182
0.006360
0.009207
0.012739
0.016863
0.017549
0.018308
0.019153
0.020097
0.021159
0.022361
0.023731
0.025302
0.027102
0.029127
0.031266
0.033240
0.034688
0.035453
0.035603
0.035066
0.033563
0.030948
0.027275
0.025930
0.051624
0.074354
0.110430
0.094592
0.077458
0.060628
0.045209
0.032106
0.021568
0.013230
0.006966
0.002971
0.000982
0.000226
0.000006
-0.000044
-0.000053
-0.000054
-0.000054
-0.000053
-0.000053
-0.000053
-0.000052
-0.000052
-0.000052
-0.000052
-0.000051
-0.000051
-0.000049
-0.000040
-0.000006
0.000092
0.000321
0.000762
0.001490
0.002595
0.004183
0.006362
0.009208
0.012740
0.016865
0.017551
0.018310
0.019155
0.020099
0.021161
0.022364
0.023734
0.025305
0.027105
0.029130
0.031269
0.033241
0.034689
0.035454
0.035605
0.035068
0.033565
0.030952
0.027278
0.025933
0.051621
0.074355
0.110434
0.094593
0.077457
0.060626
0.045208
0.032107
0.021570
0.013234
0.006972
0.002976
0.000985
0.000229
0.000008
-0.000043
-0.000052
-0.000053
-0.000052
-0.000052
-0.000052
-0.000051
-0.000051
-0.000051
-0.000050
-0.000050
-0.000050
-0.000050
-0.000049
-0.000047
-0.000038
-0.000005
0.000094
0.000323
0.000764
0.001493
0.002597
0.004186
0.006364
0.009211
0.012743
0.016868
0.017554
0.018313
0.019158
0.020102
0.021164
0.022367
0.023737
0.025308
0.027109
0.029133
0.031272
0.033244
0.034690
0.035455
0.035607
0.035071
0.033569
0.030956
0.027283
0.025938
0.051619
0.074358
0.110442
0.094599
0.077460
0.060629
0.045212
0.032112
0.021577
0.013244
0.006983
0.002986
0.000994
0.000236
0.000015
-0.000036
-0.000045
-0.000046
-0.000046
-0.000045
-0.000045
-0.000045
-0.000044
-0.000044
-0.000044
-0.000043
-0.000043
-0.000043
-0.000043
-0.000042
-0.000040
-0.000031
0.000002
0.000101
0.000331
0.000771
0.001500
0.002605
0.004193
0.006372
0.009218
0.012751
0.016875
0.017561
0.018320
0.019165
0.020109
0.021171
0.022373
0.023744
0.025315
0.027115
0.029139
0.031277
0.033247
0.034693
0.035458
0.035610
0.035075
0.033574
0.030962
0.027291
0.025945
0.051618
0.074362
0.110462
0.094618
0.077478
0.060648
0.045234
0.032135
0.021603
0.013272
0.007012
0.003016
0.001021
0.000262
0.000040
-0.000011
-0.000020
-0.000021
-0.000021
-0.000021
-0.000020
-0.000020
-0.000020
-0.000019
-0.000019
-0.000019
-0.000019
-0.000018
-0.000018
-0.000018
-0.000018
-0.000016
-0.000006
0.000027
0.000126
0.000356
0.000796
0.001525
0.002631
0.004219
0.006397
0.009243
0.012775
0.016899
0.017584
0.018342
0.019185
0.020129
0.021190
0.022391
0.023761
0.025331
0.027130
0.029153
0.031289
0.033257
0.034701
0.035465
0.035618
0.035083
0.033583
0.030974
0.027304
0.025957
0.051622
0.074370
0.110514
0.094672
0.077536
0.060710
0.045299
0.032205
0.021675
0.013348
0.007091
0.003093
0.001097
0.000336
0.000113
0.000062
0.000053
0.000052
0.000052
0.000052
0.000052
0.000052
0.000053
0.000053
0.000053
0.000053
0.000053
0.000054
0.000054
0.000054
0.000054
0.000054
0.000057
0.000066
0.000100
0.000198
0.000429
0.000869
0.001599
0.002704
0.004291
0.006469
0.009314
0.012844
0.016965
0.017647
0.018402
0.019242
0.020182
0.021240
0.022438
0.023804
0.025371
0.027167
0.029186
0.031318
0.033282
0.034722
0.035484
0.035636
0.035101
0.033602
0.030996
0.027330
0.025979
0.051646
0.074383
0.110624
0.094793
0.077669
0.060855
0.045454
0.032366
0.021842
0.013520
0.007265
0.003267
0.001269
0.000507
0.000283
0.000232
0.000222
0.000221
0.000221
0.000221
0.000221
0.000221
0.000222
0.000222
0.000222
0.000222
0.000222
0.000222
0.000222
0.000222
0.000222
0.000223
0.000223
0.000225
0.000235
0.000269
0.000367
0.000598
0.001039
0.001768
0.002873
0.004460
0.006636
0.009478
0.013003
0.017116
0.017790
0.018537
0.019369
0.020301
0.021351
0.022542
0.023900
0.025459
0.027246
0.029258
0.031382
0.033337
0.034769
0.035525
0.035673
0.035137
0.033639
0.031038
0.027379
0.026022
0.051715
0.074399
0.110821
0.095016
0.077919
0.061129
0.045747
0.032673
0.022158
0.013843
0.007593
0.003596
0.001596
0.000832
0.000607
0.000556
0.000546
0.000545
0.000545
0.000545
0.000545
0.000545
0.000545
0.000545
0.000545
0.000545
0.000545
0.000545
0.000546
0.000546
0.000546
0.000546
0.000546
0.000547
0.000549
0.000558
0.000592
0.000691
0.000922
0.001363
0.002092
0.003196
0.004781
0.006953
0.009789
0.013303
0.017402
0.018060
0.018792
0.019609
0.020525
0.021560
0.022734
0.024077
0.025620
0.027392
0.029388
0.031496
0.033436
0.034854
0.035599
0.035739
0.035198
0.033702
0.031109
0.027464
0.026102
0.051875
0.074412
0.111122
0.095367
0.078320
0.061573
0.046225
0.033174
0.022675
0.014372
0.008130
0.004134
0.002133
0.001368
0.001143
0.001091
0.001082
0.001080
0.001080
0.001080
0.001080
0.001080
0.001081
0.001081
0.001081
0.001081
0.001081
0.001081
0.001081
0.001081
0.001081
0.001081
0.001081
0.001082
0.001082
0.001085
0.001094
0.001128
0.001227
0.001458
0.001899
0.002627
0.003728
0.005310
0.007475
0.010299
0.013796
0.017868
0.018500
0.019206
0.019997
0.020887
0.021896
0.023044
0.024361
0.025877
0.027624
0.029593
0.031675
0.033589
0.034983
0.035709
0.035836
0.035287
0.033793
0.031214
0.027598
0.026245
0.052182
0.074408
0.111534
0.095862
0.078900
0.062227
0.046935
0.033924
0.023452
0.015168
0.008938
0.004947
0.002947
0.002181
0.001955
0.001903
0.001894
0.001892
0.001892
0.001892
0.001893
0.001893
0.001893
0.001893
0.001893
0.001893
0.001893
0.001893
0.001893
0.001893
0.001894
0.001894
0.001894
0.001894
0.001894
0.001895
0.001897
0.001907
0.001941
0.002040
0.002271
0.002711
0.003437
0.004534
0.006109
0.008262
0.011067
0.014534
0.018563
0.019156
0.019823
0.020573
0.021424
0.022392
0.023500
0.024775
0.026251
0.027956
0.029885
0.031926
0.033800
0.035159
0.035856
0.035961
0.035401
0.033910
0.031358
0.027799
0.026482
0.052683
0.074371
0.112047
0.096505
0.079679
0.063125
0.047926
0.034981
0.024554
0.016303
0.010093
0.006113
0.004115
0.003350
0.003124
0.003072
0.003062
0.003061
0.003061
0.003061
0.003061
0.003061
0.003062
0.003062
0.003062
0.003062
0.003062
0.003062
0.003062
0.003063
0.003063
0.003063
0.003063
0.003063
0.003064
0.003064
0.003065
0.003067
0.003076
0.003111
0.003210
0.003440
0.003878
0.004600
0.005691
0.007254
0.009388
0.012162
0.015582
0.019545
0.020081
0.020689
0.021381
0.022172
0.023081
0.024129
0.025344
0.026759
0.028402
0.030270
0.032250
0.034066
0.035372
0.036026
0.036100
0.035525
0.034047
0.031548
0.028092
0.026833
0.053411
0.074292
0.112629
0.097274
0.080653
0.064282
0.049231
0.036394
0.026043
0.017845
0.011672
0.007711
0.005720
0.004957
0.004731
0.004679
0.004669
0.004668
0.004668
0.004668
0.004669
0.004669
0.004669
0.004669
0.004670
0.004670
0.004670
0.004670
0.004671
0.004671
0.004671
0.004671
0.004672
0.004672
0.004672
0.004672
0.004673
0.004673
0.004676
0.004685
0.004719
0.004818
0.005046
0.005481
0.006196
0.007276
0.008819
0.010923
0.013650
0.016999
0.020864
0.021318
0.021844
0.022453
0.023161
0.023985
0.024948
0.026077
0.027404
0.028959
0.030737
0.032629
0.034360
0.035592
0.036187
0.036221
0.035636
0.034191
0.031790
0.028480
0.027266
0.054354
0.074157
0.113203
0.098105
0.081775
0.065676
0.050849
0.038181
0.027952
0.019842
0.013729
0.009803
0.007827
0.007067
0.006842
0.006790
0.006781
0.006780
0.006780
0.006780
0.006780
0.006781
0.006781
0.006782
0.006782
0.006782
0.006783
0.006783
0.006783
0.006783
0.006784
0.006784
0.006784
0.006785
0.006785
0.006785
0.006786
0.006786
0.006787
0.006789
0.006799
0.006833
0.006930
0.007156
0.007584
0.008288
0.009349
0.010863
0.012919
0.015574
0.018820
0.022543
0.022888
0.023304
0.023802
0.024396
0.025105
0.025951
0.026961
0.028167
0.029599
0.031251
0.033019
0.034633
0.035765
0.036284
0.036276
0.035691
0.034309
0.032032
0.028909
0.027751
0.055517
0.073937
0.113606
0.098873
0.082949
0.067234
0.052731
0.040314
0.030272
0.022299
0.016282
0.012412
0.010461
0.009710
0.009487
0.009436
0.009426
0.009425
0.009425
0.009425
0.009426
0.009426
0.009427
0.009427
0.009427
0.009428
0.009428
0.009429
0.009429
0.009429
0.009430
0.009430
0.009431
0.009431
0.009431
0.009432
0.009432
0.009433
0.009433
0.009434
0.009436
0.009446
0.009479
0.009575
0.009796
0.010214
0.010901
0.011933
0.013401
0.015388
0.017941
0.021041
0.024570
0.024774
0.025047
0.025400
0.025847
0.026406
0.027099
0.027951
0.028996
0.030262
0.031747
0.033347
0.034806
0.035809
0.036239
0.036184
0.035608
0.034309
0.032201
0.029331
0.028252
0.056872
0.073625
0.113638
0.099394
0.084022
0.068828
0.054770
0.042705
0.032927
0.025152
0.019276
0.015491
0.013580
0.012843
0.012624
0.012572
0.012563
0.012561
0.012561
0.012562
0.012562
0.012562
0.012563
0.012563
0.012564
0.012564
0.012564
0.012565
0.012565
0.012566
0.012566
0.012567
0.012567
0.012568
0.012568
0.012569
0.012569
0.012570
0.012570
0.012571
0.012572
0.012574
0.012584
0.012616
0.012709
0.012923
0.013327
0.013988
0.014979
0.016384
0.018275
0.020689
0.023597
0.026872
0.026904
0.027002
0.027177
0.027442
0.027815
0.028316
0.028972
0.029814
0.030870
0.032140
0.033528
0.034791
0.035635
0.035955
0.035845
0.035288
0.034105
0.032227
0.029697
0.028759
0.058328
0.071430
0.111173
0.097548
0.082754
0.068044
0.054376
0.042611
0.033060
0.025460
0.019713
0.016009
0.014138
0.013415
0.013199
0.013149
0.013139
0.013138
0.013138
0.013138
0.013138
0.013139
0.013139
0.013139
0.013140
0.013140
0.013141
0.013141
0.013142
0.013142
0.013143
0.013143
0.013144
0.013144
0.013145
0.013145
0.013146
0.013147
0.013147
0.013148
0.013149
0.013150
0.013152
0.013161
0.013192
0.013278
0.013475
0.013847
0.014457
0.015370
0.016664
0.018408
0.020640
0.023340
0.026410
0.026449
0.026559
0.026752
0.027041
0.027447
0.027992
0.028705
0.029621
0.030777
0.032179
0.033749
0.035264
0.036457
0.037239
0.037706
0.037848
0.037490
0.036560
0.035047
0.035283
0.063795
0.070404
0.110154
0.096656
0.082046
0.067570
0.054149
0.042615
0.033262
0.025826
0.020205
0.016582
0.014751
0.014042
0.013830
0.013780
0.013771
0.013769
0.013769
0.013769
0.013769
0.013770
0.013770
0.013770
0.013771
0.013771
0.013771
0.013772
0.013772
0.013773
0.013773
0.013774
0.013774
0.013775
0.013776
0.013776
0.013777
0.013778
0.013778
0.013779
0.013780
0.013781
0.013782
0.013785
0.013793
0.013822
0.013903
0.014089
0.014440
0.015013
0.015872
0.017089
0.018729
0.020830
0.023379
0.026293
0.026328
0.026437
0.026632
0.026929
0.027349
0.027917
0.028664
0.029629
0.030850
0.032340
0.034033
0.035726
0.037170
0.038290
0.039192
0.039884
0.040221
0.040128
0.039580
0.040867
0.070139
0.068123
0.107337
0.094596
0.080671
0.066755
0.053776
0.042579
0.033479
0.026232
0.020750
0.017214
0.015424
0.014731
0.014523
0.014474
0.014464
0.014462
0.014462
0.014462
0.014462
0.014462
0.014463
0.014463
0.014463
0.014464
0.014464
0.014465
0.014465
0.014465
0.014466
0.014467
0.014467
0.014468
0.014468
0.014469
0.014470
0.014470
0.014471
0.014472
0.014473
0.014473
0.014474
0.014476
0.014478
0.014487
0.014514
0.014591
0.014767
0.015099
0.015641
0.016453
0.017602
0.019152
0.021140
0.023561
0.026347
0.026386
0.026504
0.026716
0.027037
0.027492
0.028106
0.028914
0.029957
0.031278
0.032897
0.034757
0.036680
0.038437
0.039970
0.041384
0.042673
0.043672
0.044209
0.044075
0.045330
0.071959
0.067117
0.106234
0.093688
0.079998
0.066344
0.053634
0.042683
0.033792
0.026717
0.021368
0.017917
0.016170
0.015492
0.015288
0.015240
0.015230
0.015228
0.015227
0.015227
0.015227
0.015227
0.015228
0.015228
0.015228
0.015228
0.015229
0.015229
0.015229
0.015230
0.015230
0.015231
0.015231
0.015232
0.015233
0.015233
0.015234
0.015235
0.015235
0.015236
0.015237
0.015238
0.015239
0.015240
0.015241
0.015244
0.015252
0.015278
0.015352
0.015520
0.015836
0.016352
0.017124
0.018218
0.019693
0.021589
0.023908
0.026599
0.026655
0.026798
0.027042
0.027408
0.027920
0.028606
0.029504
0.030658
0.032114
0.033901
0.035980
0.038196
0.040350
0.042383
0.044395
0.046341
0.047941
0.049030
0.049341
0.047563
0.070713
0.064841
0.103258
0.091548
0.078618
0.065578
0.053344
0.042755
0.034133
0.027261
0.022057
0.018699
0.016997
0.016335
0.016136
0.016088
0.016078
0.016076
0.016075
0.016075
0.016075
0.016074
0.016075
0.016075
0.016075
0.016075
0.016075
0.016076
0.016076
0.016076
0.016077
0.016077
0.016078
0.016078
0.016079
0.016079
0.016080
0.016081
0.016081
0.016082
0.016083
0.016084
0.016085
0.016086
0.016087
0.016088
0.016091
0.016099
0.016125
0.016196
0.016357
0.016661
0.017157
0.017899
0.018950
0.020370
0.022199
0.024448
0.027086
0.027174
0.027359
0.027658
0.028091
0.028686
0.029473
0.030492
0.031793
0.033431
0.035449
0.037828
0.040429
0.043068
0.045652
0.048155
0.050524
0.052468
0.050454
0.047357
0.045074
0.065504
0.063819
0.102180
0.090718
0.078070
0.065316
0.053356
0.043016
0.034607
0.027910
0.022844
0.019575
0.017919
0.017275
0.017080
0.017032
0.017022
0.017020
0.017019
0.017018
0.017018
0.017018
0.017018
0.017018
0.017018
0.017018
0.017018
0.017018
0.017019
0.017019
0.017019
0.017020
0.017020
0.017021
0.017021
0.017022
0.017022
0.017023
0.017024
0.017024
0.017025
0.017026
0.017027
0.017028
0.017029
0.017030
0.017032
0.017035
0.017042
0.017067
0.017135
0.017288
0.017577
0.018048
0.018752
0.019748
0.021093
0.022825
0.024958
0.027472
0.027542
0.027714
0.028004
0.028435
0.029031
0.029827
0.030863
0.032194
0.033881
0.035973
0.038456
0.041211
0.044036
0.046770
0.049467
0.052030
0.050944
0.048978
0.046025
0.043909
0.064365
0.061565
0.099069
0.088504
0.076708
0.064642
0.053202
0.043249
0.035127
0.028643
0.023731
0.020561
0.018953
0.018327
0.018137
0.018090
0.018079
0.018077
0.018075
0.018074
0.018074
0.018073
0.018073
0.018073
0.018073
0.018073
0.018073
0.018073
0.018074
0.018074
0.018074
0.018074
0.018075
0.018075
0.018076
0.018076
0.018077
0.018077
0.018078
0.018079
0.018080
0.018080
0.018081
0.018082
0.018083
0.018084
0.018086
0.018087
0.018090
0.018098
0.018122
0.018188
0.018339
0.018621
0.019082
0.019770
0.020745
0.022065
0.023771
0.025892
0.028427
0.028557
0.028802
0.029181
0.029715
0.030437
0.031386
0.032612
0.034180
0.036157
0.038603
0.041490
0.044622
0.047822
0.050997
0.051028
0.050539
0.049317
0.047174
0.043992
0.041378
0.059233
0.060627
0.098033
0.087721
0.076271
0.064552
0.053417
0.043726
0.035822
0.029519
0.024751
0.021676
0.020118
0.019511
0.019327
0.019281
0.019270
0.019267
0.019265
0.019264
0.019263
0.019262
0.019262
0.019262
0.019261
0.019261
0.019261
0.019261
0.019262
0.019262
0.019262
0.019262
0.019263
0.019263
0.019264
0.019264
0.019265
0.019265
0.019266
0.019266
0.019267
0.019268
0.019269
0.019270
0.019271
0.019272
0.019273
0.019275
0.019276
0.019279
0.019287
0.019310
0.019374
0.019518
0.019787
0.020225
0.020881
0.021809
0.023064
0.024689
0.026714
0.029153
0.029278
0.029522
0.029905
0.030454
0.031203
0.032194
0.033484
0.035134
0.037221
0.039782
0.042734
0.045978
0.049358
0.049701
0.049621
0.049045
0.047778
0.045663
0.042630
0.040215
0.058267
0.058344
0.095074
0.085622
0.075077
0.064119
0.053542
0.044243
0.036623
0.030532
0.025920
0.022947
0.021440
0.020853
0.020673
0.020628
0.020617
0.020613
0.020611
0.020609
0.020608
0.020608
0.020607
0.020607
0.020606
0.020606
0.020606
0.020606
0.020606
0.020606
0.020606
0.020607
0.020607
0.020607
0.020608
0.020608
0.020609
0.020609
0.020610
0.020610
0.020611
0.020612
0.020613
0.020614
0.020615
0.020616
0.020617
0.020619
0.020620
0.020622
0.020625
0.020633
0.020655
0.020716
0.020853
0.021110
0.021527
0.022151
0.023035
0.024229
0.025777
0.027714
0.030065
0.030187
0.030435
0.030834
0.031412
0.032206
0.033266
0.034645
0.036415
0.038627
0.041259
0.044322
0.047742
0.048336
0.048528
0.048299
0.047564
0.046113
0.043788
0.040531
0.037669
0.053204
0.057507
0.094203
0.084903
0.074742
0.064241
0.054045
0.045037
0.037646
0.031739
0.027274
0.024402
0.022949
0.022383
0.022209
0.022165
0.022154
0.022150
0.022148
0.022146
0.022144
0.022143
0.022142
0.022141
0.022141
0.022141
0.022141
0.022140
0.022140
0.022141
0.022141
0.022141
0.022141
0.022141
0.022142
0.022142
0.022143
0.022143
0.022144
0.022144
0.022145
0.022146
0.022147
0.022148
0.022149
0.022150
0.022151
0.022152
0.022154
0.022156
0.022158
0.022161
0.022169
0.022191
0.022249
0.022380
0.022624
0.023022
0.023616
0.024457
0.025595
0.027071
0.028922
0.031190
0.031309
0.031565
0.031984
0.032597
0.033448
0.034584
0.036066
0.037945
0.040210
0.042932
0.046157
0.046829
0.047252
0.047291
0.046920
0.046063
0.044536
0.042238
0.039187
0.036598
0.052281
0.055295
0.091374
0.082894
0.073615
0.063998
0.054484
0.045929
0.038843
0.033155
0.028851
0.026082
0.024682
0.024136
0.023968
0.023925
0.023913
0.023908
0.023905
0.023903
0.023901
0.023899
0.023898
0.023898
0.023897
0.023897
0.023896
0.023896
0.023896
0.023896
0.023896
0.023897
0.023897
0.023897
0.023898
0.023898
0.023898
0.023899
0.023899
0.023900
0.023901
0.023901
0.023902
0.023903
0.023904
0.023905
0.023906
0.023908
0.023909
0.023911
0.023913
0.023915
0.023919
0.023926
0.023948
0.024003
0.024128
0.024362
0.024742
0.025309
0.026113
0.027200
0.028609
0.030382
0.032578
0.032704
0.032982
0.033441
0.034119
0.035057
0.036310
0.037920
0.039870
0.042246
0.045149
0.045659
0.046131
0.046364
0.046220
0.045663
0.044597
0.042854
0.040368
0.037174
0.034161
0.047068
0.054720
0.090847
0.082566
0.073436
0.064311
0.055312
0.047139
0.040318
0.034830
0.030673
0.028006
0.026662
0.026140
0.025980
0.025939
0.025928
0.025923
0.025919
0.025916
0.025913
0.025911
0.025910
0.025909
0.025909
0.025908
0.025908
0.025908
0.025908
0.025908
0.025909
0.025909
0.025909
0.025910
0.025910
0.025911
0.025911
0.025912
0.025912
0.025913
0.025913
0.025914
0.025915
0.025915
0.025916
0.025917
0.025918
0.025920
0.025921
0.025923
0.025925
0.025927
0.025929
0.025933
0.025941
0.025961
0.026015
0.026134
0.026357
0.026721
0.027265
0.028036
0.029076
0.030422
0.032117
0.034253
0.034390
0.034695
0.035203
0.035951
0.036987
0.038348
0.040007
0.042048
0.044603
0.044807
0.045106
0.045364
0.045390
0.045051
0.044308
0.043086
0.041278
0.038907
0.036015
0.033065
0.046245
0.052707
0.088352
0.081103
0.072627
0.064212
0.055992
0.048413
0.041981
0.036745
0.032754
0.030188
0.028893
0.028389
0.028235
0.028193
0.028181
0.028174
0.028169
0.028165
0.028162
0.028160
0.028158
0.028157
0.028157
0.028157
0.028157
0.028157
0.028158
0.028159
0.028159
0.028160
0.028161
0.028162
0.028163
0.028163
0.028164
0.028165
0.028166
0.028167
0.028167
0.028168
0.028169
0.028169
0.028170
0.028171
0.028172
0.028173
0.028174
0.028176
0.028177
0.028179
0.028181
0.028183
0.028187
0.028194
0.028214
0.028265
0.028380
0.028595
0.028946
0.029474
0.030220
0.031223
0.032510
0.034145
0.036252
0.036423
0.036791
0.037387
0.038256
0.039427
0.040865
0.042645
0.044895
0.044753
0.044740
0.044808
0.044826
0.044612
0.044035
0.043043
0.041591
0.039628
0.037197
0.034110
0.030466
0.040964
0.052398
0.088263
0.081393
0.073176
0.064635
0.056805
0.049729
0.043708
0.038753
0.034940
0.032469
0.031225
0.030745
0.030600
0.030562
0.030548
0.030540
0.030532
0.030526
0.030521
0.030517
0.030515
0.030514
0.030514
0.030515
0.030516
0.030517
0.030519
0.030521
0.030522
0.030524
0.030526
0.030528
0.030530
0.030532
0.030533
0.030535
0.030536
0.030537
0.030538
0.030539
0.030540
0.030541
0.030542
0.030542
0.030543
0.030544
0.030544
0.030545
0.030546
0.030547
0.030548
0.030550
0.030552
0.030554
0.030561
0.030578
0.030626
0.030736
0.030944
0.031288
0.031803
0.032530
0.033497
0.034724
0.036313
0.038419
0.038644
0.039088
0.039793
0.040782
0.042012
0.043553
0.045545
0.045078
0.044729
0.044492
0.044318
0.044079
0.043601
0.042769
0.041570
0.040039
0.038194
0.036026
0.032891
0.029285
0.040259
0.050529
0.085958
0.080272
0.073070
0.064841
0.057193
0.050605
0.045110
0.040549
0.036962
0.034594
0.033390
0.032921
0.032774
0.032729
0.032708
0.032692
0.032678
0.032666
0.032658
0.032652
0.032648
0.032647
0.032647
0.032648
0.032650
0.032653
0.032656
0.032659
0.032663
0.032666
0.032670
0.032673
0.032676
0.032679
0.032682
0.032685
0.032687
0.032689
0.032691
0.032692
0.032693
0.032694
0.032695
0.032696
0.032696
0.032696
0.032696
0.032696
0.032696
0.032696
0.032696
0.032696
0.032696
0.032696
0.032697
0.032701
0.032717
0.032763
0.032871
0.033080
0.033425
0.033942
0.034660
0.035590
0.036796
0.038393
0.040579
0.040931
0.041541
0.042428
0.043539
0.044937
0.046753
0.046009
0.045356
0.044800
0.044333
0.043901
0.043379
0.042608
0.041501
0.040132
0.038592
0.036814
0.034361
0.030744
0.026540
0.035051
0.050389
0.086071
0.080642
0.073620
0.065562
0.057469
0.050899
0.045762
0.041626
0.038330
0.036096
0.034929
0.034477
0.034339
0.034296
0.034270
0.034247
0.034225
0.034206
0.034192
0.034181
0.034174
0.034171
0.034170
0.034170
0.034173
0.034176
0.034180
0.034184
0.034188
0.034193
0.034198
0.034202
0.034206
0.034210
0.034214
0.034217
0.034220
0.034223
0.034225
0.034227
0.034229
0.034230
0.034231
0.034231
0.034231
0.034231
0.034230
0.034229
0.034228
0.034227
0.034226
0.034224
0.034223
0.034221
0.034220
0.034218
0.034220
0.034233
0.034277
0.034387
0.034601
0.034953
0.035467
0.036158
0.037058
0.038266
0.039911
0.042235
0.042766
0.043570
0.044582
0.045867
0.047571
0.046615
0.045728
0.044916
0.044180
0.043505
0.042829
0.042033
0.041006
0.039771
0.038490
0.037166
0.035469
0.032828
0.029422
0.025465
0.034596
0.048615
0.083909
0.079686
0.073417
0.065695
0.057404
0.050771
0.045734
0.041908
0.038920
0.036837
0.035711
0.035266
0.035127
0.035077
0.035043
0.035010
0.034979
0.034952
0.034931
0.034916
0.034906
0.034900
0.034898
0.034897
0.034899
0.034901
0.034905
0.034909
0.034913
0.034917
0.034921
0.034926
0.034929
0.034933
0.034937
0.034940
0.034943
0.034945
0.034947
0.034949
0.034951
0.034952
0.034952
0.034952
0.034952
0.034952
0.034951
0.034950
0.034948
0.034946
0.034944
0.034942
0.034939
0.034936
0.034933
0.034930
0.034927
0.034928
0.034942
0.034994
0.035117
0.035349
0.035709
0.036208
0.036882
0.037813
0.039092
0.040875
0.043484
0.044307
0.045333
0.046619
0.048301
0.047195
0.046140
0.045137
0.044186
0.043283
0.042404
0.041493
0.040471
0.039311
0.038154
0.037047
0.035682
0.033726
0.030865
0.027205
0.022606
0.029607
0.047884
0.085018
0.080479
0.073872
0.065370
0.056777
0.050113
0.045004
0.041248
0.038515
0.036637
0.035607
0.035193
0.035084
0.035062
0.035046
0.035022
0.034994
0.034967
0.034945
0.034928
0.034916
0.034909
0.034905
0.034904
0.034905
0.034906
0.034909
0.034912
0.034915
0.034918
0.034922
0.034925
0.034928
0.034930
0.034933
0.034935
0.034937
0.034939
0.034941
0.034942
0.034943
0.034943
0.034943
0.034943
0.034943
0.034942
0.034941
0.034940
0.034938
0.034937
0.034935
0.034932
0.034930
0.034927
0.034924
0.034919
0.034914
0.034909
0.034905
0.034915
0.034961
0.035072
0.035266
0.035540
0.035910
0.036431
0.037160
0.038137
0.039528
0.041677
0.042538
0.043612
0.044957
0.046736
0.045570
0.044441
0.043347
0.042282
0.041237
0.040193
0.039124
0.038042
0.037039
0.036163
0.035112
0.033608
0.031673
0.029073
0.025591
0.021462
0.029293
0.045133
0.082829
0.079138
0.072996
0.063635
0.055347
0.048719
0.043636
0.039792
0.037137
0.035462
0.034562
0.034211
0.034144
0.034154
0.034157
0.034143
0.034119
0.034093
0.034071
0.034055
0.034044
0.034038
0.034035
0.034035
0.034036
0.034037
0.034040
0.034042
0.034045
0.034048
0.034050
0.034053
0.034055
0.034057
0.034059
0.034061
0.034062
0.034064
0.034065
0.034065
0.034066
0.034066
0.034066
0.034066
0.034065
0.034065
0.034063
0.034062
0.034060
0.034058
0.034055
0.034052
0.034048
0.034044
0.034039
0.034034
0.034027
0.034019
0.034012
0.034010
0.034026
0.034080
0.034188
0.034351
0.034581
0.034929
0.035438
0.036201
0.037267
0.038850
0.041331
0.042521
0.043978
0.045846
0.044623
0.043424
0.042243
0.041070
0.039898
0.038728
0.037578
0.036507
0.035602
0.034909
0.034116
0.032896
0.031351
0.029297
0.026799
0.023095
0.018685
0.024270
0.043198
0.082377
0.078120
0.069974
0.059859
0.051540
0.045025
0.040181
0.036517
0.034030
0.032606
0.031943
0.031750
0.031759
0.031845
0.031919
0.031956
0.031965
0.031961
0.031952
0.031944
0.031937
0.031934
0.031933
0.031933
0.031934
0.031936
0.031938
0.031940
0.031943
0.031945
0.031947
0.031948
0.031950
0.031952
0.031953
0.031954
0.031955
0.031956
0.031956
0.031957
0.031957
0.031957
0.031957
0.031956
0.031956
0.031955
0.031953
0.031952
0.031950
0.031947
0.031945
0.031941
0.031937
0.031932
0.031926
0.031918
0.031909
0.031898
0.031886
0.031876
0.031872
0.031882
0.031913
0.031961
0.032040
0.032197
0.032464
0.032911
0.033603
0.034742
0.036466
0.039129
0.040669
0.042665
0.041451
0.040254
0.039068
0.037882
0.036689
0.035494
0.034330
0.033283
0.032497
0.032010
0.031546
0.030747
0.029684
0.028289
0.026518
0.024141
0.021126
0.017252
0.023552
0.037072
0.081783
0.076394
0.065964
0.055292
0.046437
0.039256
0.034250
0.031119
0.029516
0.028623
0.028071
0.027953
0.027965
0.028058
0.028147
0.028205
0.028236
0.028252
0.028261
0.028268
0.028273
0.028278
0.028282
0.028286
0.028289
0.028292
0.028294
0.028296
0.028297
0.028298
0.028299
0.028300
0.028300
0.028300
0.028301
0.028301
0.028301
0.028300
0.028300
0.028300
0.028299
0.028299
0.028298
0.028298
0.028297
0.028296
0.028295
0.028293
0.028292
0.028290
0.028288
0.028285
0.028282
0.028278
0.028273
0.028267
0.028260
0.028251
0.028241
0.028230
0.028222
0.028218
0.028217
0.028200
0.028172
0.028173
0.028237
0.028389
0.028642
0.029074
0.029816
0.030992
0.032826
0.034665
0.036955
0.035831
0.034714
0.033595
0.032467
0.031339
0.030246
0.029282
0.028579
0.028199
0.027725
0.027024
0.026391
0.025758
0.024862
0.023242
0.021068
0.018359
0.014856
0.018445
0.028625
0.081688
0.070160
0.055735
0.042625
0.032603
0.026601
0.023999
0.022618
0.022098
0.021929
0.022057
0.022353
0.022460
0.022530
0.022642
0.022759
0.022855
0.022927
0.022979
0.023016
0.023040
0.023056
0.023066
0.023071
0.023075
0.023077
0.023078
0.023079
0.023079
0.023080
0.023080
0.023080
0.023080
0.023079
0.023079
0.023078
0.023078
0.023077
0.023077
0.023076
0.023075
0.023074
0.023073
0.023073
0.023072
0.023070
0.023069
0.023068
0.023067
0.023065
0.023064
0.023062
0.023060
0.023057
0.023053
0.023048
0.023041
0.023032
0.023020
0.023004
0.022986
0.022965
0.022927
0.022853
0.022751
0.022633
0.022506
0.022375
0.022276
0.022295
0.022505
0.023053
0.024108
0.025932
0.028467
0.027494
0.026533
0.025587
0.024663
0.023770
0.022934
0.022202
0.021654
0.021275
0.020848
0.020413
0.020088
0.019923
0.019691
0.019363
0.018870
0.017590
0.015485
0.012835
0.016615
0.005113
0.081046
0.061165
0.040900
0.026539
0.019401
0.016467
0.015312
0.015384
0.015682
0.016090
0.016590
0.017012
0.017432
0.017526
0.017598
0.017703
0.017813
0.017911
0.017990
0.018048
0.018088
0.018114
0.018130
0.018139
0.018143
0.018146
0.018147
0.018147
0.018147
0.018147
0.018147
0.018147
0.018147
0.018147
0.018146
0.018146
0.018145
0.018145
0.018144
0.018144
0.018143
0.018142
0.018141
0.018141
0.018140
0.018139
0.018138
0.018136
0.018135
0.018134
0.018133
0.018132
0.018131
0.018130
0.018128
0.018126
0.018123
0.018119
0.018111
0.018099
0.018080
0.018052
0.018012
0.017947
0.017847
0.017716
0.017547
0.017342
0.017096
0.016811
0.016510
0.016302
0.016284
0.016370
0.016544
0.019359
0.018553
0.017775
0.017040
0.016367
0.015769
0.015241
0.014745
0.014291
0.013940
0.013576
0.013368
0.013253
0.013327
0.013576
0.013756
0.013691
0.013461
0.012475
0.009994
0.010288
0.004978
0.122222
0.076838
0.042260
0.027536
0.020073
0.016384
0.015545
0.015854
0.016934
0.017578
0.018365
0.018998
0.019563
0.019905
0.019966
0.020007
0.020076
0.020166
0.020258
0.020337
0.020398
0.020444
0.020475
0.020496
0.020509
0.020516
0.020521
0.020523
0.020525
0.020526
0.020526
0.020526
0.020525
0.020524
0.020524
0.020523
0.020522
0.020521
0.020520
0.020519
0.020518
0.020517
0.020516
0.020515
0.020513
0.020512
0.020511
0.020510
0.020509
0.020508
0.020506
0.020505
0.020504
0.020503
0.020503
0.020502
0.020500
0.020497
0.020493
0.020483
0.020467
0.020437
0.020390
0.020329
0.020230
0.020097
0.019916
0.019679
0.019395
0.019025
0.018606
0.018173
0.017758
0.017530
0.017888
0.019967
0.019005
0.018078
0.017210
0.016432
0.015758
0.015163
0.014529
0.013756
0.013204
0.012637
0.012257
0.012037
0.011834
0.012251
0.012614
0.013212
0.013689
0.013706
0.013592
0.010288
0.004978
0.000000
0.000000
0.000000
0.000000
0.078640
0.000000
0.000000
-0.017764
0.061391
0.000000
0.000000
-0.005281
-0.010548
0.047543
0.000000
0.000000
-0.003965
-0.014195
0.007689
0.038339
0.000000
0.000000
-0.004256
-0.012149
-0.001751
0.013889
0.032762
0.000000
0.000000
-0.004668
-0.011020
-0.010490
0.009707
0.015348
0.029289
0.000000
0.000000
-0.005103
-0.010477
-0.012449
0.001760
0.013654
0.015209
0.027202
0.000000
0.000000
-0.005429
-0.009848
-0.012197
-0.007046
0.010128
0.014612
0.014746
0.025833
0.000000
0.000000
-0.005631
-0.009452
-0.011663
-0.010507
0.003064
0.012990
0.014588
0.014289
0.025391
0.000000
0.000000
-0.005927
-0.009074
-0.011063
-0.011108
-0.004583
0.009655
0.013701
0.014306
0.013996
0.024999
0.000000
0.000000
-0.006217
-0.008813
-0.010427
-0.010843
-0.008347
0.003538
0.012005
0.013727
0.014042
0.013758
0.024875
0.000000
0.000000
-0.006564
-0.008640
-0.009904
-0.010380
-0.009391
-0.003089
0.008613
0.012463
0.013461
0.013776
0.013598
0.024830
0.000000
0.000000
-0.006928
-0.008570
-0.009567
-0.009902
-0.009411
-0.006507
0.003319
0.010479
0.012437
0.013213
0.013573
0.013516
0.024858
0.000000
0.000000
-0.007376
-0.008637
-0.009296
-0.009442
-0.009117
-0.007723
-0.002024
0.007719
0.011217
0.012428
0.013126
0.013526
0.013480
0.024842
0.000000
0.000000
-0.007890
-0.008747
-0.009077
-0.009005
-0.008682
-0.007954
-0.005389
0.003613
0.009783
0.011512
0.012456
0.013141
0.013534
0.013471
0.024756
0.000000
0.000000
-0.008412
-0.008882
-0.008905
-0.008612
-0.008188
-0.007677
-0.006620
-0.001733
0.007799
0.010460
0.011607
0.012496
0.013177
0.013553
0.013461
0.024677
0.000000
0.000000
-0.008925
-0.009040
-0.008782
-0.008281
-0.007715
-0.007193
-0.006635
-0.004965
0.003984
0.009246
0.010616
0.011640
0.012527
0.013202
0.013561
0.013449
0.024629
0.000000
0.000000
-0.009429
-0.009218
-0.008706
-0.008014
-0.007306
-0.006692
-0.006209
-0.005613
-0.001964
0.007612
0.009545
0.010643
0.011653
0.012540
0.013210
0.013558
0.013438
0.024611
0.000000
0.000000
-0.009933
-0.009417
-0.008670
-0.007805
-0.006966
-0.006249
-0.005709
-0.005328
-0.004470
0.004035
0.008399
0.009591
0.010644
0.011652
0.012538
0.013204
0.013549
0.013429
0.024613
0.000000
0.000000
-0.010444
-0.009638
-0.008670
-0.007645
-0.006689
-0.005878
-0.005259
-0.004858
-0.004589
-0.002213
0.007008
0.008523
0.009593
0.010636
0.011642
0.012526
0.013192
0.013539
0.013424
0.024625
0.000000
0.000000
-0.010965
-0.009880
-0.008701
-0.007526
-0.006462
-0.005569
-0.004878
-0.004414
-0.004200
-0.003913
0.003903
0.007435
0.008539
0.009584
0.010623
0.011627
0.012511
0.013179
0.013530
0.013421
0.024640
0.000000
0.000000
-0.008361
-0.010142
-0.008758
-0.007439
-0.006277
-0.005312
-0.004560
-0.004037
-0.003774
-0.003776
-0.002521
0.006294
0.007495
0.008535
0.009573
0.010609
0.011611
0.012496
0.013167
0.013524
0.013420
0.024655
0.000000
0.000000
-0.006111
-0.007716
-0.008839
-0.007381
-0.006126
-0.005097
-0.004294
-0.003721
-0.003403
-0.003389
-0.003584
0.004020
0.006518
0.007500
0.008527
0.009561
0.010595
0.011598
0.012484
0.013159
0.013520
0.013420
0.024666
0.000000
0.000000
-0.004296
-0.005651
-0.006665
-0.007347
-0.006003
-0.004916
-0.004069
-0.003457
-0.003092
-0.003023
-0.003322
-0.003719
0.005710
0.006542
0.007496
0.008519
0.009551
0.010584
0.011587
0.012475
0.013153
0.013517
0.013421
0.024675
0.000000
0.000000
-0.002912
-0.004003
-0.004847
-0.005459
-0.005904
-0.004762
-0.003878
-0.003233
-0.002832
-0.002713
-0.002954
-0.003917
0.001967
0.005741
0.006541
0.007491
0.008512
0.009543
0.010575
0.011579
0.012469
0.013149
0.013516
0.013421
0.024680
0.000000
0.000000
-0.001910
-0.002756
-0.003418
-0.003916
-0.004306
-0.004632
-0.003714
-0.003042
-0.002613
-0.002454
-0.002629
-0.003503
-0.002847
0.002605
0.005741
0.006536
0.007486
0.008506
0.009536
0.010569
0.011573
0.012465
0.013147
0.013516
0.013422
0.024684
0.000000
0.000000
-0.001217
-0.001857
-0.002348
-0.002726
-0.003034
-0.003298
-0.003572
-0.002878
-0.002426
-0.002236
-0.002355
-0.003112
-0.002599
-0.001101
0.002505
0.005740
0.006531
0.007482
0.008502
0.009532
0.010564
0.011569
0.012463
0.013146
0.013516
0.013423
0.024686
0.000000
0.000000
-0.000764
-0.001238
-0.001584
-0.001849
-0.002077
-0.002270
-0.002463
-0.002735
-0.002266
-0.002050
-0.002126
-0.002781
-0.002173
-0.001184
-0.001084
0.002305
0.005738
0.006527
0.007478
0.008498
0.009528
0.010562
0.011567
0.012462
0.013146
0.013516
0.013424
0.024686
0.000000
0.000000
-0.000493
-0.000834
-0.001060
-0.001230
-0.001386
-0.001519
-0.001641
-0.001811
-0.002127
-0.001892
-0.001932
-0.002503
-0.001775
-0.000896
-0.001163
-0.001332
0.002053
0.005737
0.006523
0.007475
0.008496
0.009526
0.010560
0.011566
0.012462
0.013146
0.013517
0.013424
0.024686
0.000000
0.000000
-0.000354
-0.000593
-0.000720
-0.000809
-0.000906
-0.000991
-0.001061
-0.001155
-0.001342
-0.001754
-0.001766
-0.002268
-0.001425
-0.000615
-0.000883
-0.001363
-0.001611
0.001758
0.005735
0.006520
0.007473
0.008495
0.009525
0.010559
0.011566
0.012462
0.013147
0.013518
0.013425
0.024685
0.000000
0.000000
-0.000299
-0.000469
-0.000517
-0.000537
-0.000583
-0.000632
-0.000668
-0.000713
-0.000809
-0.001053
-0.001623
-0.002067
-0.001121
-0.000382
-0.000611
-0.001063
-0.001587
-0.001879
0.001425
0.005734
0.006517
0.007472
0.008494
0.009525
0.010559
0.011567
0.012463
0.013148
0.013518
0.013425
0.024683
0.000000
0.000000
-0.000284
-0.000419
-0.000412
-0.000375
-0.000377
-0.000395
-0.000409
-0.000428
-0.000471
-0.000596
-0.000938
-0.001894
-0.000858
-0.000195
-0.000385
-0.000775
-0.001266
-0.001801
-0.002127
0.001055
0.005732
0.006514
0.007471
0.008494
0.009525
0.010560
0.011568
0.012464
0.013149
0.013519
0.013425
0.024682
0.000000
0.000000
-0.000285
-0.000405
-0.000370
-0.000291
-0.000254
-0.000245
-0.000242
-0.000248
-0.000266
-0.000322
-0.000505
-0.001076
-0.000633
-0.000046
-0.000203
-0.000534
-0.000961
-0.001462
-0.001999
-0.002353
0.000655
0.005730
0.006512
0.007470
0.008494
0.009526
0.010561
0.011569
0.012465
0.013150
0.013520
0.013426
0.024680
0.000000
0.000000
-0.000290
-0.000405
-0.000357
-0.000257
-0.000191
-0.000157
-0.000139
-0.000138
-0.000145
-0.000167
-0.000254
-0.000563
-0.000270
0.000073
-0.000057
-0.000337
-0.000704
-0.001143
-0.001645
-0.002180
-0.002558
0.000232
0.005728
0.006510
0.007470
0.008495
0.009527
0.010562
0.011570
0.012467
0.013151
0.013521
0.013426
0.024678
0.000000
0.000000
-0.000296
-0.000409
-0.000357
-0.000247
-0.000165
-0.000112
-0.000079
-0.000071
-0.000076
-0.000083
-0.000120
-0.000272
-0.000095
0.000104
0.000060
-0.000176
-0.000491
-0.000872
-0.001316
-0.001815
-0.002345
-0.002743
-0.000206
0.005725
0.006508
0.007470
0.008495
0.009528
0.010564
0.011572
0.012468
0.013152
0.013521
0.013427
0.024676
0.000000
0.000000
-0.000302
-0.000414
-0.000359
-0.000245
-0.000157
-0.000093
-0.000048
-0.000033
-0.000037
-0.000040
-0.000053
-0.000121
-0.000024
0.000084
0.000095
-0.000045
-0.000314
-0.000645
-0.001035
-0.001480
-0.001972
-0.002494
-0.002909
-0.000648
0.005723
0.006506
0.007470
0.008496
0.009530
0.010565
0.011573
0.012469
0.013153
0.013522
0.013427
0.024674
0.000000
0.000000
-0.000307
-0.000418
-0.000362
-0.000247
-0.000155
-0.000087
-0.000035
-0.000015
-0.000016
-0.000018
-0.000022
-0.000049
-0.000002
0.000054
0.000080
0.000039
-0.000167
-0.000454
-0.000797
-0.001191
-0.001632
-0.002116
-0.002629
-0.003058
-0.001085
0.005720
0.006504
0.007470
0.008498
0.009531
0.010567
0.011575
0.012471
0.013155
0.013523
0.013427
0.024671
0.000000
0.000000
-0.000312
-0.000423
-0.000366
-0.000249
-0.000156
-0.000086
-0.000031
-0.000007
-0.000006
-0.000008
-0.000009
-0.000018
0.000002
0.000029
0.000052
0.000053
-0.000027
-0.000293
-0.000594
-0.000944
-0.001338
-0.001773
-0.002247
-0.002752
-0.003192
-0.001508
0.005716
0.006503
0.007470
0.008499
0.009533
0.010569
0.011577
0.012472
0.013156
0.013524
0.013428
0.024669
0.000000
0.000000
-0.000317
-0.000427
-0.000368
-0.000251
-0.000157
-0.000086
-0.000030
-0.000004
-0.000001
-0.000003
-0.000003
-0.000006
0.000002
0.000013
0.000028
0.000040
0.000020
-0.000095
-0.000421
-0.000732
-0.001086
-0.001477
-0.001904
-0.002367
-0.002862
-0.003312
-0.001910
0.005713
0.006501
0.007471
0.008500
0.009535
0.010570
0.011578
0.012474
0.013157
0.013525
0.013428
0.024667
0.000000
0.000000
-0.000321
-0.000430
-0.000371
-0.000253
-0.000158
-0.000087
-0.000030
-0.000003
-0.000000
-0.000001
-0.000001
-0.000002
0.000001
0.000005
0.000013
0.000023
0.000025
-0.000014
-0.000166
-0.000549
-0.000867
-0.001221
-0.001607
-0.002024
-0.002476
-0.002962
-0.003421
-0.002285
0.005708
0.006500
0.007471
0.008501
0.009536
0.010572
0.011580
0.012475
0.013158
0.013525
0.013429
0.024665
0.000000
0.000000
-0.000325
-0.000434
-0.000374
-0.000254
-0.000159
-0.000087
-0.000030
-0.000003
0.000000
-0.000000
-0.000001
-0.000000
0.000000
0.000002
0.000005
0.000011
0.000017
0.000010
-0.000049
-0.000238
-0.000676
-0.000998
-0.001349
-0.001728
-0.002134
-0.002575
-0.003053
-0.003519
-0.002632
0.005704
0.006498
0.007472
0.008503
0.009538
0.010574
0.011581
0.012477
0.013159
0.013526
0.013429
0.024663
0.000000
0.000000
-0.000328
-0.000437
-0.000376
-0.000256
-0.000160
-0.000088
-0.000030
-0.000003
0.000000
-0.000000
-0.000000
-0.000000
0.000000
0.000000
0.000001
0.000004
0.000009
0.000011
-0.000006
-0.000085
-0.000310
-0.000801
-0.001123
-0.001470
-0.001839
-0.002235
-0.002665
-0.003136
-0.003608
-0.002947
0.005698
0.006496
0.007472
0.008504
0.009540
0.010575
0.011583
0.012478
0.013161
0.013527
0.013429
0.024661
0.000000
0.000000
-0.000331
-0.000439
-0.000378
-0.000257
-0.000161
-0.000088
-0.000031
-0.000003
0.000000
-0.000000
-0.000000
-0.000000
0.000000
0.000000
0.000000
0.000001
0.000004
0.000007
0.000005
-0.000022
-0.000123
-0.000383
-0.000924
-0.001244
-0.001583
-0.001942
-0.002327
-0.002748
-0.003211
-0.003689
-0.003232
0.005693
0.006495
0.007473
0.008505
0.009541
0.010577
0.011585
0.012480
0.013162
0.013528
0.013430
0.024659
0.000000
0.000000
-0.000334
-0.000442
-0.000380
-0.000259
-0.000162
-0.000089
-0.000031
-0.000004
0.000000
-0.000000
-0.000000
-0.000000
-0.000000
-0.000000
0.000000
0.000000
0.000001
0.000003
0.000005
-0.000002
-0.000040
-0.000161
-0.000455
-0.001042
-0.001357
-0.001688
-0.002037
-0.002412
-0.002823
-0.003280
-0.003762
-0.003488
0.005686
0.006493
0.007473
0.008507
0.009543
0.010578
0.011586
0.012481
0.013163
0.013529
0.013430
0.024657
0.000000
0.000000
-0.000336
-0.000444
-0.000382
-0.000260
-0.000163
-0.000089
-0.000031
-0.000004
0.000000
-0.000000
-0.000000
-0.000000
-0.000000
-0.000000
-0.000000
0.000000
0.000000
0.000001
0.000002
0.000002
-0.000009
-0.000058
-0.000199
-0.000527
-0.001156
-0.001465
-0.001786
-0.002124
-0.002489
-0.002891
-0.003343
-0.003830
-0.003716
0.005679
0.006492
0.007473
0.008508
0.009544
0.010580
0.011587
0.012482
0.013164
0.013530
0.013431
0.024655
0.000000
0.000000
-0.000338
-0.000446
-0.000383
-0.000261
-0.000164
-0.000089
-0.000031
-0.000004
0.000000
-0.000000
-0.000000
-0.000000
-0.000000
0.000000
-0.000000
-0.000000
0.000000
0.000000
0.000001
0.000002
-0.000000
-0.000017
-0.000076
-0.000238
-0.000596
-0.001265
-0.001565
-0.001876
-0.002204
-0.002559
-0.002954
-0.003400
-0.003891
-0.003919
0.005671
0.006490
0.007474
0.008509
0.009546
0.010581
0.011589
0.012484
0.013165
0.013530
0.013432
0.024653
0.000000
0.000000
-0.000340
-0.000447
-0.000384
-0.000262
-0.000164
-0.000090
-0.000031
-0.000004
0.000000
-0.000000
-0.000000
-0.000000
-0.000000
0.000000
0.000000
-0.000000
-0.000000
0.000000
0.000000
0.000001
0.000001
-0.000003
-0.000025
-0.000095
-0.000277
-0.000664
-0.001369
-0.001659
-0.001959
-0.002277
-0.002623
-0.003011
-0.003453
-0.003947
-0.004098
0.005662
0.006488
0.007474
0.008510
0.009547
0.010583
0.011590
0.012485
0.013166
0.013531
0.013432
0.024651
0.000000
0.000000
-0.000341
-0.000448
-0.000385
-0.000262
-0.000165
-0.000090
-0.000032
-0.000004
0.000000
-0.000000
-0.000000
-0.000000
-0.000000
0.000000
0.000000
0.000000
-0.000000
-0.000000
0.000000
0.000000
0.000000
0.000000
-0.000006
-0.000033
-0.000115
-0.000315
-0.000729
-0.001466
-0.001745
-0.002035
-0.002343
-0.002682
-0.003063
-0.003501
-0.003998
-0.004256
0.005652
0.006486
0.007474
0.008511
0.009548
0.010584
0.011592
0.012486
0.013167
0.013532
0.013433
0.024649
0.000000
0.000000
-0.000342
-0.000449
-0.000386
-0.000263
-0.000165
-0.000090
-0.000032
-0.000004
0.000000
-0.000000
-0.000000
-0.000000
-0.000000
0.000000
0.000000
0.000000
0.000000
0.000000
-0.000000
0.000000
0.000000
0.000000
-0.000001
-0.000009
-0.000041
-0.000134
-0.000352
-0.000791
-0.001557
-0.001825
-0.002104
-0.002404
-0.002735
-0.003111
-0.003545
-0.004045
-0.004395
0.005642
0.006485
0.007475
0.008512
0.009549
0.010585
0.011593
0.012488
0.013169
0.013533
0.013434
0.024648
0.000000
0.000000
-0.000342
-0.000450
-0.000387
-0.000264
-0.000166
-0.000091
-0.000032
-0.000004
0.000000
-0.000000
-0.000000
-0.000000
-0.000000
0.000000
0.000000
0.000000
0.000000
0.000000
0.000000
-0.000000
0.000000
0.000000
0.000000
-0.000002
-0.000013
-0.000050
-0.000153
-0.000389
-0.000850
-0.001641
-0.001898
-0.002168
-0.002459
-0.002784
-0.003155
-0.003586
-0.004088
-0.004517
0.005630
0.006483
0.007475
0.008513
0.009551
0.010587
0.011594
0.012489
0.013170
0.013534
0.013434
0.024646
0.000000
0.000000
-0.000342
-0.000450
-0.000387
-0.000264
-0.000166
-0.000091
-0.000032
-0.000004
-0.000000
-0.000000
-0.000000
-0.000000
-0.000000
0.000000
0.000000
0.000000
0.000000
0.000000
0.000000
0.000000
-0.000000
0.000000
0.000000
-0.000000
-0.000003
-0.000016
-0.000059
-0.000173
-0.000423
-0.000904
-0.001718
-0.001965
-0.002225
-0.002509
-0.002828
-0.003194
-0.003623
-0.004128
-0.004623
0.005618
0.006481
0.007475
0.008514
0.009552
0.010588
0.011596
0.012490
0.013171
0.013535
0.013435
0.024645
0.000000
0.000000
-0.000342
-0.000450
-0.000387
-0.000264
-0.000166
-0.000091
-0.000032
-0.000004
-0.000000
-0.000000
-0.000000
-0.000000
-0.000000
0.000000
0.000000
0.000000
0.000000
0.000000
0.000000
0.000000
0.000000
-0.000000
0.000000
0.000000
-0.000000
-0.000004
-0.000020
-0.000069
-0.000191
-0.000456
-0.000955
-0.001789
-0.002025
-0.002276
-0.002554
-0.002868
-0.003230
-0.003657
-0.004163
-0.004715
0.005606
0.006479
0.007475
0.008515
0.009553
0.010589
0.011597
0.012491
0.013172
0.013537
0.013436
0.024644
0.000000
0.000000
-0.000341
-0.000450
-0.000387
-0.000264
-0.000166
-0.000091
-0.000032
-0.000004
-0.000000
-0.000000
-0.000000
-0.000000
-0.000000
0.000000
0.000000
0.000000
0.000000
0.000000
0.000000
0.000000
0.000000
0.000000
-0.000000
0.000000
-0.000000
-0.000001
-0.000005
-0.000024
-0.000078
-0.000209
-0.000487
-0.001001
-0.001852
-0.002078
-0.002323
-0.002594
-0.002903
-0.003263
-0.003688
-0.004196
-0.004793
0.005592
0.006477
0.007476
0.008516
0.009554
0.010590
0.011598
0.012493
0.013174
0.013538
0.013438
0.024644
0.000000
0.000000
-0.000340
-0.000449
-0.000387
-0.000264
-0.000166
-0.000091
-0.000032
-0.000004
-0.000000
-0.000000
-0.000000
-0.000000
-0.000000
0.000000
0.000000
0.000000
0.000000
0.000000
0.000000
0.000000
0.000000
0.000000
0.000000
-0.000000
-0.000000
-0.000000
-0.000001
-0.000007
-0.000028
-0.000087
-0.000226
-0.000515
-0.001043
-0.001909
-0.002126
-0.002364
-0.002630
-0.002936
-0.003292
-0.003716
-0.004226
-0.004857
0.005578
0.006475
0.007476
0.008516
0.009555
0.010591
0.011599
0.012494
0.013175
0.013539
0.013439
0.024644
0.000000
0.000000
-0.000339
-0.000448
-0.000387
-0.000264
-0.000166
-0.000091
-0.000032
-0.000004
-0.000000
-0.000000
-0.000000
-0.000000
-0.000000
0.000000
0.000000
0.000000
0.000000
0.000000
0.000000
0.000000
0.000000
0.000000
0.000000
0.000000
-0.000000
-0.000000
-0.000000
-0.000002
-0.000008
-0.000032
-0.000095
-0.000242
-0.000540
-0.001080
-0.001959
-0.002168
-0.002400
-0.002662
-0.002964
-0.003319
-0.003741
-0.004252
-0.004909
0.005563
0.006473
0.007476
0.008517
0.009556
0.010592
0.011601
0.012495
0.013177
0.013541
0.013440
0.024644
0.000000
0.000000
-0.000337
-0.000447
-0.000386
-0.000264
-0.000166
-0.000091
-0.000032
-0.000004
-0.000000
-0.000000
-0.000000
-0.000000
-0.000000
0.000000
0.000000
0.000000
0.000000
0.000000
0.000000
0.000000
0.000000
0.000000
0.000000
0.000000
0.000000
-0.000000
-0.000000
-0.000000
-0.000002
-0.000010
-0.000036
-0.000103
-0.000256
-0.000562
-0.001112
-0.002001
-0.002204
-0.002431
-0.002689
-0.002989
-0.003342
-0.003763
-0.004276
-0.004949
0.005548
0.006471
0.007476
0.008518
0.009557
0.010594
0.011602
0.012497
0.013178
0.013543
0.013442
0.024645
0.000000
0.000000
-0.000334
-0.000445
-0.000385
-0.000264
-0.000166
-0.000091
-0.000032
-0.000004
-0.000000
-0.000000
-0.000000
-0.000000
-0.000000
0.000000
0.000000
0.000000
0.000000
0.000000
0.000000
0.000000
0.000000
0.000000
0.000000
0.000000
0.000000
0.000000
-0.000000
-0.000000
-0.000000
-0.000002
-0.000011
-0.000039
-0.000111
-0.000269
-0.000581
-0.001139
-0.002037
-0.002235
-0.002457
-0.002713
-0.003010
-0.003362
-0.003783
-0.004297
-0.004975
0.005533
0.006469
0.007476
0.008518
0.009557
0.010595
0.011603
0.012498
0.013180
0.013545
0.013444
0.024647
0.000000
0.000000
-0.000331
-0.000443
-0.000384
-0.000263
-0.000166
-0.000091
-0.000032
-0.000004
0.000000
-0.000000
-0.000000
-0.000000
-0.000000
0.000000
0.000000
0.000000
0.000000
0.000000
0.000000
0.000000
0.000000
0.000000
0.000000
0.000000
0.000000
0.000000
0.000000
-0.000000
-0.000000
-0.000000
-0.000003
-0.000013
-0.000043
-0.000117
-0.000279
-0.000596
-0.001160
-0.002066
-0.002259
-0.002479
-0.002732
-0.003029
-0.003379
-0.003800
-0.004315
-0.004987
0.005517
0.006467
0.007476
0.008519
0.009558
0.010596
0.011604
0.012500
0.013182
0.013547
0.013447
0.024650
0.000000
0.000000
-0.000328
-0.000441
-0.000383
-0.000263
-0.000165
-0.000091
-0.000032
-0.000004
0.000000
-0.000000
-0.000000
-0.000000
-0.000000
0.000000
0.000000
0.000000
0.000000
0.000000
0.000000
0.000000
0.000000
0.000000
0.000000
0.000000
0.000000
0.000000
0.000000
0.000000
-0.000000
-0.000000
-0.000001
-0.000003
-0.000014
-0.000046
-0.000122
-0.000287
-0.000608
-0.001177
-0.002089
-0.002278
-0.002496
-0.002748
-0.003043
-0.003393
-0.003814
-0.004330
-0.004985
0.005501
0.006465
0.007476
0.008519
0.009559
0.010597
0.011606
0.012502
0.013184
0.013550
0.013450
0.024653
0.000000
0.000000
-0.000325
-0.000439
-0.000382
-0.000262
-0.000165
-0.000091
-0.000032
-0.000004
-0.000000
-0.000000
-0.000000
-0.000000
-0.000000
0.000000
0.000000
0.000000
0.000000
0.000000
0.000000
0.000000
0.000000
0.000000
0.000000
0.000000
0.000000
0.000000
0.000000
0.000000
0.000000
-0.000000
-0.000000
-0.000001
-0.000004
-0.000015
-0.000048
-0.000125
-0.000292
-0.000616
-0.001189
-0.002104
-0.002292
-0.002508
-0.002759
-0.003054
-0.003405
-0.003826
-0.004342
-0.004967
0.005484
0.006463
0.007476
0.008519
0.009559
0.010598
0.011607
0.012503
0.013186
0.013552
0.013453
0.024658
0.000000
0.000000
-0.000326
-0.000441
-0.000384
-0.000264
-0.000167
-0.000092
-0.000033
-0.000005
-0.000000
-0.000001
-0.000000
-0.000000
-0.000000
-0.000000
-0.000000
0.000000
0.000000
0.000000
0.000000
0.000000
0.000000
0.000000
0.000000
0.000000
0.000000
0.000000
0.000000
0.000000
0.000000
0.000000
-0.000000
-0.000000
-0.000001
-0.000004
-0.000016
-0.000049
-0.000128
-0.000295
-0.000621
-0.001195
-0.002113
-0.002300
-0.002515
-0.002767
-0.003062
-0.003413
-0.003835
-0.004351
-0.004932
0.005468
0.006461
0.007475
0.008519
0.009559
0.010598
0.011608
0.012504
0.013188
0.013554
0.013455
0.024665
0.000000
0.000000
-0.000340
-0.000454
-0.000395
-0.000273
-0.000174
-0.000097
-0.000036
-0.000007
-0.000001
-0.000001
-0.000000
-0.000000
0.000000
-0.000000
-0.000000
-0.000000
-0.000000
-0.000000
-0.000000
-0.000000
-0.000000
-0.000000
-0.000000
-0.000000
-0.000000
-0.000000
-0.000000
-0.000000
-0.000000
-0.000000
-0.000000
0.000000
-0.000000
-0.000001
-0.000004
-0.000017
-0.000050
-0.000129
-0.000297
-0.000623
-0.001198
-0.002117
-0.002304
-0.002520
-0.002772
-0.003068
-0.003420
-0.003842
-0.004358
-0.004880
0.005450
0.006458
0.007473
0.008517
0.009557
0.010596
0.011606
0.012503
0.013187
0.013554
0.013456
0.024674
0.000000
0.000000
-0.000390
-0.000498
-0.000431
-0.000301
-0.000194
-0.000112
-0.000046
-0.000013
-0.000005
-0.000002
-0.000001
-0.000000
0.000000
0.000000
0.000000
0.000000
0.000000
0.000000
-0.000000
-0.000000
-0.000000
-0.000000
-0.000000
-0.000000
-0.000000
-0.000000
-0.000000
-0.000000
-0.000000
-0.000000
0.000000
0.000000
0.000000
-0.000000
-0.000001
-0.000005
-0.000018
-0.000051
-0.000131
-0.000300
-0.000626
-0.001201
-0.002120
-0.002308
-0.002526
-0.002779
-0.003076
-0.003428
-0.003851
-0.004365
-0.004813
0.005430
0.006452
0.007468
0.008511
0.009550
0.010587
0.011597
0.012495
0.013179
0.013548
0.013450
0.024688
0.000000
0.000000
-0.000514
-0.000605
-0.000517
-0.000367
-0.000243
-0.000146
-0.000069
-0.000027
-0.000012
-0.000006
-0.000002
-0.000001
0.000000
0.000000
0.000000
0.000000
0.000000
0.000000
0.000000
0.000000
0.000000
0.000000
0.000000
0.000000
-0.000000
-0.000000
-0.000000
-0.000000
-0.000000
-0.000000
-0.000000
-0.000000
-0.000000
-0.000000
-0.000000
-0.000002
-0.000006
-0.000020
-0.000055
-0.000136
-0.000306
-0.000634
-0.001211
-0.002131
-0.002320
-0.002539
-0.002793
-0.003090
-0.003443
-0.003866
-0.004378
-0.004741
0.005403
0.006441
0.007456
0.008495
0.009531
0.010566
0.011575
0.012471
0.013157
0.013527
0.013430
0.024713
0.000000
0.000000
-0.000758
-0.000812
-0.000684
-0.000495
-0.000337
-0.000212
-0.000114
-0.000054
-0.000027
-0.000013
-0.000006
-0.000003
0.000000
0.000001
0.000001
0.000000
0.000000
0.000000
0.000000
0.000000
0.000000
0.000000
0.000000
-0.000000
-0.000000
-0.000000
-0.000000
-0.000001
-0.000001
-0.000001
-0.000001
-0.000002
-0.000002
-0.000002
-0.000001
-0.000002
-0.000004
-0.000010
-0.000026
-0.000064
-0.000148
-0.000323
-0.000656
-0.001236
-0.002159
-0.002350
-0.002569
-0.002824
-0.003121
-0.003473
-0.003894
-0.004403
-0.004674
0.005365
0.006421
0.007432
0.008465
0.009494
0.010524
0.011528
0.012423
0.013109
0.013482
0.013390
0.024760
0.000000
0.000000
-0.001167
-0.001162
-0.000964
-0.000709
-0.000494
-0.000324
-0.000189
-0.000102
-0.000054
-0.000026
-0.000013
-0.000009
0.000001
0.000002
0.000002
0.000002
0.000001
0.000001
0.000001
0.000000
0.000000
-0.000000
-0.000001
-0.000001
-0.000001
-0.000002
-0.000002
-0.000003
-0.000004
-0.000005
-0.000007
-0.000008
-0.000009
-0.000009
-0.000007
-0.000006
-0.000007
-0.000009
-0.000018
-0.000037
-0.000081
-0.000173
-0.000356
-0.000698
-0.001288
-0.002219
-0.002411
-0.002629
-0.002882
-0.003178
-0.003527
-0.003945
-0.004450
-0.004631
0.005308
0.006386
0.007390
0.008411
0.009429
0.010450
0.011447
0.012338
0.013024
0.013401
0.013322
0.024848
0.000000
0.000000
-0.001795
-0.001698
-0.001394
-0.001039
-0.000738
-0.000497
-0.000308
-0.000177
-0.000098
-0.000051
-0.000029
-0.000025
-0.000000
0.000005
0.000004
0.000004
0.000003
0.000002
0.000001
-0.000000
-0.000001
-0.000002
-0.000004
-0.000005
-0.000006
-0.000008
-0.000010
-0.000013
-0.000015
-0.000018
-0.000022
-0.000025
-0.000027
-0.000028
-0.000026
-0.000024
-0.000021
-0.000020
-0.000024
-0.000035
-0.000061
-0.000113
-0.000217
-0.000415
-0.000774
-0.001381
-0.002327
-0.002516
-0.002733
-0.002982
-0.003273
-0.003617
-0.004028
-0.004528
-0.004634
0.005224
0.006328
0.007321
0.008323
0.009324
0.010330
0.011316
0.012199
0.012885
0.013274
0.013221
0.025000
0.000000
0.000000
-0.002703
-0.002478
-0.002022
-0.001522
-0.001096
-0.000755
-0.000487
-0.000295
-0.000171
-0.000096
-0.000061
-0.000060
-0.000004
0.000009
0.000009
0.000007
0.000004
0.000002
-0.000001
-0.000004
-0.000007
-0.000011
-0.000014
-0.000018
-0.000023
-0.000028
-0.000033
-0.000039
-0.000045
-0.000052
-0.000059
-0.000065
-0.000070
-0.000073
-0.000072
-0.000069
-0.000063
-0.000058
-0.000055
-0.000059
-0.000073
-0.000106
-0.000171
-0.000292
-0.000513
-0.000898
-0.001533
-0.002502
-0.002688
-0.002899
-0.003141
-0.003424
-0.003758
-0.004158
-0.004653
-0.004712
0.005098
0.006238
0.007212
0.008188
0.009162
0.010146
0.011114
0.011987
0.012676
0.013088
0.013078
0.025222
0.000000
0.000000
-0.003944
-0.003553
-0.002894
-0.002199
-0.001603
-0.001124
-0.000748
-0.000473
-0.000288
-0.000175
-0.000123
-0.000135
-0.000019
0.000015
0.000014
0.000009
0.000002
-0.000005
-0.000012
-0.000019
-0.000027
-0.000036
-0.000045
-0.000055
-0.000066
-0.000077
-0.000089
-0.000102
-0.000115
-0.000128
-0.000141
-0.000153
-0.000162
-0.000168
-0.000169
-0.000166
-0.000159
-0.000149
-0.000139
-0.000132
-0.000134
-0.000152
-0.000193
-0.000274
-0.000419
-0.000671
-0.001094
-0.001768
-0.002773
-0.002950
-0.003151
-0.003381
-0.003650
-0.003968
-0.004352
-0.004841
-0.004903
0.004912
0.006099
0.007048
0.007986
0.008923
0.009875
0.010820
0.011681
0.012380
0.012827
0.012866
0.025478
0.000000
0.000000
-0.005552
-0.004960
-0.004045
-0.003101
-0.002288
-0.001633
-0.001117
-0.000734
-0.000470
-0.000310
-0.000239
-0.000278
-0.000062
0.000017
0.000015
0.000003
-0.000012
-0.000028
-0.000044
-0.000062
-0.000080
-0.000100
-0.000120
-0.000142
-0.000164
-0.000187
-0.000211
-0.000236
-0.000260
-0.000284
-0.000306
-0.000325
-0.000341
-0.000352
-0.000357
-0.000356
-0.000349
-0.000336
-0.000320
-0.000302
-0.000288
-0.000286
-0.000304
-0.000354
-0.000452
-0.000626
-0.000918
-0.001389
-0.002115
-0.003167
-0.003329
-0.003513
-0.003724
-0.003971
-0.004265
-0.004626
-0.005110
-0.005239
0.004648
0.005896
0.006812
0.007700
0.008588
0.009499
0.010413
0.011262
0.011972
0.012454
0.012548
0.025734
0.000000
0.000000
-0.007536
-0.006706
-0.005487
-0.004244
-0.003170
-0.002301
-0.001618
-0.001105
-0.000745
-0.000527
-0.000437
-0.000532
-0.000162
0.000005
-0.000000
-0.000026
-0.000057
-0.000090
-0.000125
-0.000161
-0.000198
-0.000237
-0.000277
-0.000319
-0.000361
-0.000404
-0.000447
-0.000489
-0.000530
-0.000569
-0.000604
-0.000635
-0.000660
-0.000679
-0.000690
-0.000692
-0.000687
-0.000673
-0.000652
-0.000626
-0.000598
-0.000573
-0.000563
-0.000579
-0.000636
-0.000751
-0.000956
-0.001292
-0.001820
-0.002607
-0.003714
-0.003852
-0.004009
-0.004191
-0.004407
-0.004667
-0.004995
-0.005475
-0.005744
0.004292
0.005618
0.006493
0.007319
0.008145
0.009005
0.009879
0.010707
0.011423
0.011943
0.012107
0.025964
0.000000
0.000000
-0.009833
-0.008743
-0.007184
-0.005608
-0.004242
-0.003135
-0.002263
-0.001603
-0.001138
-0.000856
-0.000750
-0.000944
-0.000369
-0.000046
-0.000054
-0.000105
-0.000165
-0.000227
-0.000292
-0.000359
-0.000428
-0.000499
-0.000570
-0.000642
-0.000714
-0.000785
-0.000855
-0.000922
-0.000985
-0.001043
-0.001095
-0.001141
-0.001178
-0.001206
-0.001225
-0.001234
-0.001232
-0.001220
-0.001198
-0.001167
-0.001128
-0.001085
-0.001046
-0.001024
-0.001033
-0.001092
-0.001221
-0.001454
-0.001835
-0.002420
-0.003269
-0.004431
-0.004534
-0.004654
-0.004796
-0.004969
-0.005183
-0.005468
-0.005945
-0.006408
0.003848
0.005268
0.006097
0.006849
0.007602
0.008397
0.009219
0.010015
0.010732
0.011295
0.011549
0.026164
0.000000
0.000000
-0.010665
-0.009293
-0.007548
-0.005855
-0.004416
-0.003263
-0.002364
-0.001685
-0.001208
-0.000921
-0.000818
-0.001037
-0.000495
-0.000113
-0.000122
-0.000182
-0.000251
-0.000323
-0.000397
-0.000473
-0.000549
-0.000626
-0.000702
-0.000778
-0.000851
-0.000923
-0.000991
-0.001055
-0.001114
-0.001168
-0.001216
-0.001258
-0.001292
-0.001319
-0.001338
-0.001349
-0.001352
-0.001346
-0.001332
-0.001311
-0.001282
-0.001246
-0.001208
-0.001172
-0.001153
-0.001163
-0.001219
-0.001343
-0.001564
-0.001921
-0.002463
-0.003245
-0.004308
-0.004415
-0.004538
-0.004682
-0.004856
-0.005072
-0.005356
-0.005819
-0.005864
0.003829
0.005268
0.006155
0.006998
0.007879
0.008849
0.009896
0.010963
0.011981
0.012835
0.013302
0.031781
0.000000
0.000000
-0.010281
-0.009136
-0.007535
-0.005915
-0.004505
-0.003359
-0.002456
-0.001770
-0.001286
-0.000996
-0.000896
-0.001145
-0.000646
-0.000197
-0.000207
-0.000276
-0.000356
-0.000439
-0.000522
-0.000606
-0.000689
-0.000772
-0.000852
-0.000930
-0.001004
-0.001075
-0.001141
-0.001203
-0.001259
-0.001309
-0.001353
-0.001392
-0.001424
-0.001449
-0.001468
-0.001480
-0.001486
-0.001485
-0.001477
-0.001463
-0.001442
-0.001414
-0.001382
-0.001346
-0.001314
-0.001297
-0.001309
-0.001365
-0.001485
-0.001698
-0.002040
-0.002554
-0.003287
-0.004278
-0.004388
-0.004513
-0.004658
-0.004833
-0.005047
-0.005329
-0.005780
-0.005457
0.003775
0.005245
0.006175
0.007080
0.008049
0.009137
0.010341
0.011598
0.012828
0.013890
0.014525
0.036505
0.000000
0.000000
-0.010937
-0.009601
-0.007865
-0.006157
-0.004689
-0.003505
-0.002576
-0.001873
-0.001377
-0.001082
-0.000986
-0.001269
-0.000825
-0.000303
-0.000313
-0.000392
-0.000484
-0.000577
-0.000670
-0.000762
-0.000852
-0.000939
-0.001022
-0.001102
-0.001176
-0.001246
-0.001310
-0.001369
-0.001422
-0.001469
-0.001511
-0.001546
-0.001576
-0.001600
-0.001619
-0.001632
-0.001639
-0.001641
-0.001638
-0.001629
-0.001614
-0.001594
-0.001568
-0.001538
-0.001505
-0.001476
-0.001460
-0.001473
-0.001529
-0.001646
-0.001852
-0.002177
-0.002662
-0.003346
-0.004263
-0.004375
-0.004502
-0.004649
-0.004825
-0.005040
-0.005321
-0.005762
-0.005079
0.003735
0.005255
0.006245
0.007230
0.008304
0.009528
0.010894
0.012327
0.013716
0.014871
0.015428
0.040107
0.000000
0.000000
-0.010490
-0.009424
-0.007858
-0.006237
-0.004804
-0.003628
-0.002696
-0.001984
-0.001481
-0.001182
-0.001092
-0.001414
-0.001039
-0.000437
-0.000445
-0.000536
-0.000639
-0.000744
-0.000846
-0.000946
-0.001041
-0.001132
-0.001218
-0.001298
-0.001373
-0.001441
-0.001503
-0.001559
-0.001610
-0.001654
-0.001693
-0.001726
-0.001754
-0.001778
-0.001796
-0.001809
-0.001818
-0.001822
-0.001821
-0.001816
-0.001806
-0.001791
-0.001771
-0.001747
-0.001718
-0.001688
-0.001661
-0.001648
-0.001661
-0.001717
-0.001831
-0.002030
-0.002341
-0.002797
-0.003433
-0.004274
-0.004389
-0.004517
-0.004666
-0.004843
-0.005060
-0.005343
-0.005774
-0.004742
0.003716
0.005310
0.006382
0.007472
0.008683
0.010077
0.011645
0.013292
0.014829
0.016049
0.016686
0.041947
0.000000
0.000000
-0.011043
-0.009848
-0.008185
-0.006495
-0.005014
-0.003804
-0.002848
-0.002118
-0.001603
-0.001299
-0.001216
-0.001584
-0.001291
-0.000604
-0.000610
-0.000713
-0.000829
-0.000944
-0.001056
-0.001162
-0.001263
-0.001357
-0.001444
-0.001524
-0.001598
-0.001665
-0.001725
-0.001779
-0.001827
-0.001869
-0.001905
-0.001937
-0.001964
-0.001986
-0.002003
-0.002017
-0.002026
-0.002032
-0.002033
-0.002031
-0.002024
-0.002014
-0.001999
-0.001980
-0.001957
-0.001930
-0.001901
-0.001876
-0.001865
-0.001880
-0.001936
-0.002048
-0.002241
-0.002539
-0.002969
-0.003558
-0.004326
-0.004441
-0.004570
-0.004720
-0.004899
-0.005119
-0.005406
-0.005825
-0.004458
0.003724
0.005423
0.006605
0.007829
0.009206
0.010792
0.012531
0.014303
0.015975
0.016198
0.015749
0.039665
0.000000
0.000000
-0.010640
-0.009728
-0.008236
-0.006628
-0.005177
-0.003972
-0.003009
-0.002269
-0.001744
-0.001436
-0.001364
-0.001787
-0.001588
-0.000814
-0.000816
-0.000931
-0.001060
-0.001186
-0.001306
-0.001419
-0.001523
-0.001620
-0.001708
-0.001788
-0.001860
-0.001925
-0.001983
-0.002035
-0.002081
-0.002121
-0.002156
-0.002186
-0.002211
-0.002232
-0.002250
-0.002263
-0.002273
-0.002280
-0.002283
-0.002282
-0.002279
-0.002271
-0.002260
-0.002246
-0.002227
-0.002205
-0.002180
-0.002152
-0.002129
-0.002119
-0.002134
-0.002189
-0.002298
-0.002484
-0.002770
-0.003178
-0.003730
-0.004440
-0.004553
-0.004680
-0.004827
-0.005002
-0.005217
-0.005495
-0.005888
-0.004259
0.003604
0.005367
0.006591
0.007867
0.009305
0.010938
0.012740
0.014623
0.015289
0.015508
0.015114
0.038588
0.000000
0.000000
-0.011086
-0.010116
-0.008571
-0.006919
-0.005431
-0.004195
-0.003208
-0.002450
-0.001912
-0.001600
-0.001541
-0.002031
-0.001936
-0.001076
-0.001073
-0.001200
-0.001342
-0.001479
-0.001606
-0.001724
-0.001832
-0.001930
-0.002019
-0.002098
-0.002169
-0.002232
-0.002288
-0.002338
-0.002382
-0.002420
-0.002453
-0.002482
-0.002506
-0.002527
-0.002544
-0.002558
-0.002568
-0.002575
-0.002579
-0.002581
-0.002579
-0.002574
-0.002566
-0.002555
-0.002541
-0.002523
-0.002501
-0.002477
-0.002451
-0.002429
-0.002421
-0.002438
-0.002494
-0.002604
-0.002787
-0.003063
-0.003451
-0.003961
-0.004600
-0.004710
-0.004835
-0.004981
-0.005154
-0.005368
-0.005646
-0.006018
-0.004092
0.003652
0.005582
0.006969
0.008408
0.010016
0.011892
0.012984
0.013886
0.014466
0.014605
0.014146
0.036275
0.000000
0.000000
-0.010654
-0.010014
-0.008674
-0.007117
-0.005660
-0.004427
-0.003430
-0.002659
-0.002112
-0.001797
-0.001754
-0.002326
-0.002342
-0.001398
-0.001387
-0.001528
-0.001683
-0.001830
-0.001965
-0.002089
-0.002199
-0.002299
-0.002387
-0.002466
-0.002536
-0.002597
-0.002652
-0.002700
-0.002742
-0.002779
-0.002811
-0.002839
-0.002862
-0.002883
-0.002899
-0.002913
-0.002924
-0.002932
-0.002937
-0.002939
-0.002939
-0.002936
-0.002930
-0.002922
-0.002911
-0.002896
-0.002879
-0.002858
-0.002834
-0.002810
-0.002789
-0.002781
-0.002798
-0.002852
-0.002959
-0.003136
-0.003400
-0.003766
-0.004240
-0.004821
-0.004925
-0.005044
-0.005182
-0.005347
-0.005549
-0.005811
-0.006146
-0.004033
0.003521
0.005558
0.007000
0.008504
0.010231
0.011322
0.012350
0.013190
0.013724
0.013857
0.013463
0.035200
0.000000
0.000000
-0.011202
-0.010504
-0.009116
-0.007512
-0.006008
-0.004736
-0.003709
-0.002915
-0.002353
-0.002035
-0.002012
-0.002676
-0.002800
-0.001753
-0.001735
-0.001893
-0.002065
-0.002227
-0.002373
-0.002504
-0.002621
-0.002724
-0.002816
-0.002896
-0.002966
-0.003028
-0.003083
-0.003131
-0.003173
-0.003210
-0.003242
-0.003269
-0.003293
-0.003314
-0.003331
-0.003345
-0.003356
-0.003365
-0.003371
-0.003374
-0.003375
-0.003374
-0.003370
-0.003364
-0.003355
-0.003343
-0.003328
-0.003310
-0.003289
-0.003266
-0.003241
-0.003220
-0.003212
-0.003227
-0.003279
-0.003382
-0.003552
-0.003806
-0.004152
-0.004594
-0.005123
-0.005219
-0.005328
-0.005454
-0.005604
-0.005789
-0.006030
-0.006336
-0.004106
0.003374
0.005507
0.007018
0.008637
0.009677
0.010695
0.011639
0.012385
0.012827
0.012889
0.012458
0.032890
0.000000
0.000000
-0.010740
-0.010423
-0.009286
-0.007805
-0.006340
-0.005067
-0.004027
-0.003216
-0.002640
-0.002315
-0.002296
-0.003027
-0.003181
-0.001843
-0.001828
-0.002030
-0.002252
-0.002462
-0.002651
-0.002821
-0.002971
-0.003103
-0.003218
-0.003319
-0.003408
-0.003485
-0.003552
-0.003611
-0.003662
-0.003707
-0.003746
-0.003780
-0.003809
-0.003833
-0.003854
-0.003872
-0.003886
-0.003897
-0.003905
-0.003910
-0.003913
-0.003913
-0.003910
-0.003904
-0.003895
-0.003884
-0.003869
-0.003851
-0.003829
-0.003804
-0.003775
-0.003744
-0.003717
-0.003701
-0.003708
-0.003753
-0.003849
-0.004014
-0.004264
-0.004607
-0.005041
-0.005554
-0.005625
-0.005703
-0.005794
-0.005903
-0.006045
-0.006255
-0.006607
-0.004411
0.003362
0.005502
0.007116
0.008153
0.009131
0.010080
0.010948
0.011619
0.012012
0.012087
0.011758
0.031901
0.000000
0.000000
-0.011269
-0.010914
-0.009778
-0.008295
-0.006801
-0.005489
-0.004413
-0.003571
-0.002965
-0.002592
-0.002435
-0.002609
0.000782
0.001422
0.001319
0.001116
0.000864
0.000575
0.000253
-0.000097
-0.000468
-0.000854
-0.001244
-0.001630
-0.002003
-0.002357
-0.002684
-0.002983
-0.003252
-0.003489
-0.003697
-0.003876
-0.004030
-0.004160
-0.004269
-0.004359
-0.004432
-0.004489
-0.004532
-0.004561
-0.004578
-0.004582
-0.004575
-0.004555
-0.004522
-0.004475
-0.004414
-0.004336
-0.004241
-0.004126
-0.003990
-0.003831
-0.003650
-0.003454
-0.003257
-0.003080
-0.002946
-0.002882
-0.002916
-0.003073
-0.003362
-0.003780
-0.004312
-0.004063
-0.003845
-0.003675
-0.003575
-0.003575
-0.003726
-0.004188
-0.007340
0.004297
0.005727
0.006706
0.007646
0.008544
0.009408
0.010178
0.010749
0.011065
0.011117
0.010800
0.029696
0.000000
0.000000
-0.010860
-0.010868
-0.010006
-0.008681
-0.007241
-0.005922
-0.004814
-0.003920
-0.003212
-0.002556
-0.001127
0.004609
0.005384
0.005292
0.005281
0.005287
0.005295
0.005302
0.005308
0.005314
0.005320
0.005325
0.005330
0.005336
0.005341
0.005346
0.005351
0.005357
0.005362
0.005367
0.005372
0.005377
0.005382
0.005386
0.005391
0.005394
0.005398
0.005401
0.005403
0.005405
0.005406
0.005407
0.005407
0.005406
0.005405
0.005403
0.005401
0.005398
0.005395
0.005392
0.005388
0.005384
0.005380
0.005376
0.005372
0.005367
0.005360
0.005347
0.005321
0.005272
0.005188
0.005053
0.004845
0.004535
0.004455
0.004358
0.004235
0.004073
0.003854
0.003573
0.003333
0.003970
0.008081
0.006582
0.006632
0.007280
0.008032
0.008785
0.009449
0.009930
0.010219
0.010328
0.010098
0.028648
0.000000
0.000000
-0.011387
-0.011378
-0.010538
-0.009216
-0.007747
-0.006347
-0.005122
-0.004034
-0.002860
-0.000555
0.004927
0.006422
0.006435
0.006421
0.006417
0.006415
0.006413
0.006412
0.006411
0.006410
0.006410
0.006410
0.006410
0.006410
0.006411
0.006411
0.006411
0.006412
0.006412
0.006413
0.006413
0.006414
0.006414
0.006415
0.006415
0.006415
0.006416
0.006416
0.006416
0.006417
0.006417
0.006417
0.006417
0.006417
0.006418
0.006418
0.006418
0.006418
0.006418
0.006418
0.006419
0.006419
0.006420
0.006420
0.006421
0.006424
0.006430
0.006440
0.006453
0.006466
0.006472
0.006462
0.006421
0.006332
0.006158
0.006110
0.006050
0.005969
0.005855
0.005689
0.005446
0.005133
0.004884
0.005812
0.008683
0.007612
0.007301
0.007658
0.008177
0.008661
0.009014
0.009256
0.009354
0.009105
0.026296
0.000000
0.000000
-0.010990
-0.011456
-0.010782
-0.009560
-0.008067
-0.006481
-0.004900
-0.003093
0.000000
0.005468
0.007518
0.007627
0.007612
0.007604
0.007600
0.007595
0.007591
0.007588
0.007585
0.007583
0.007582
0.007581
0.007581
0.007581
0.007581
0.007581
0.007582
0.007582
0.007583
0.007584
0.007584
0.007585
0.007586
0.007586
0.007587
0.007587
0.007588
0.007588
0.007589
0.007589
0.007589
0.007589
0.007590
0.007590
0.007590
0.007590
0.007590
0.007590
0.007590
0.007590
0.007591
0.007591
0.007591
0.007591
0.007592
0.007593
0.007595
0.007601
0.007611
0.007625
0.007640
0.007648
0.007641
0.007607
0.007530
0.007365
0.007311
0.007241
0.007147
0.007012
0.006808
0.006519
0.006107
0.005705
0.005629
0.006801
0.009035
0.008316
0.007804
0.007836
0.008024
0.008233
0.008463
0.008540
0.008331
0.025170
0.000000
0.000000
-0.011445
-0.012114
-0.011381
-0.010010
-0.008202
-0.006032
-0.003356
0.000499
0.005868
0.008622
0.008944
0.008922
0.008902
0.008893
0.008885
0.008877
0.008870
0.008864
0.008859
0.008855
0.008853
0.008852
0.008851
0.008851
0.008851
0.008852
0.008853
0.008853
0.008854
0.008855
0.008857
0.008858
0.008859
0.008860
0.008860
0.008861
0.008862
0.008863
0.008863
0.008864
0.008864
0.008864
0.008864
0.008865
0.008865
0.008865
0.008865
0.008864
0.008864
0.008864
0.008864
0.008864
0.008864
0.008864
0.008864
0.008863
0.008864
0.008866
0.008872
0.008884
0.008899
0.008913
0.008921
0.008914
0.008884
0.008811
0.008646
0.008586
0.008508
0.008395
0.008221
0.007972
0.007608
0.007108
0.006614
0.006235
0.006340
0.007605
0.008931
0.008309
0.007661
0.007414
0.007424
0.007533
0.007492
0.007280
0.022720
0.000000
0.000000
-0.010971
-0.012230
-0.011784
-0.010193
-0.007773
-0.004348
0.000433
0.005903
0.009395
0.010262
0.010294
0.010261
0.010250
0.010246
0.010239
0.010230
0.010220
0.010210
0.010203
0.010197
0.010193
0.010190
0.010189
0.010188
0.010188
0.010189
0.010190
0.010191
0.010192
0.010193
0.010194
0.010196
0.010197
0.010198
0.010199
0.010200
0.010201
0.010202
0.010202
0.010203
0.010203
0.010204
0.010204
0.010204
0.010204
0.010204
0.010204
0.010203
0.010203
0.010203
0.010202
0.010202
0.010202
0.010201
0.010201
0.010200
0.010198
0.010198
0.010199
0.010206
0.010219
0.010234
0.010249
0.010256
0.010253
0.010225
0.010157
0.009975
0.009882
0.009758
0.009572
0.009318
0.008976
0.008438
0.007884
0.007323
0.006807
0.006508
0.006766
0.007662
0.008088
0.007592
0.007073
0.006848
0.006710
0.006582
0.006460
0.021713
0.000000
0.000000
-0.011258
-0.012828
-0.012327
-0.010100
-0.006234
-0.000309
0.006087
0.009951
0.011418
0.011703
0.011673
0.011646
0.011643
0.011641
0.011633
0.011620
0.011605
0.011592
0.011581
0.011573
0.011567
0.011563
0.011561
0.011559
0.011559
0.011559
0.011560
0.011561
0.011562
0.011564
0.011565
0.011566
0.011568
0.011569
0.011570
0.011571
0.011572
0.011573
0.011573
0.011574
0.011574
0.011575
0.011575
0.011575
0.011575
0.011575
0.011575
0.011574
0.011574
0.011573
0.011572
0.011572
0.011571
0.011570
0.011569
0.011568
0.011566
0.011565
0.011565
0.011570
0.011581
0.011600
0.011625
0.011651
0.011679
0.011701
0.011709
0.011680
0.011509
0.011397
0.011221
0.010981
0.010659
0.010078
0.009481
0.008867
0.008236
0.007614
0.007089
0.006810
0.006861
0.007105
0.007261
0.006886
0.006267
0.005738
0.005507
0.005381
0.019218
0.000000
0.000000
-0.011580
-0.013464
-0.012569
-0.008732
-0.001733
0.006621
0.011183
0.012551
0.012907
0.012949
0.012923
0.012920
0.012948
0.012972
0.012980
0.012975
0.012963
0.012949
0.012936
0.012925
0.012917
0.012912
0.012908
0.012906
0.012905
0.012905
0.012906
0.012907
0.012908
0.012909
0.012910
0.012911
0.012913
0.012914
0.012915
0.012916
0.012917
0.012918
0.012918
0.012919
0.012919
0.012920
0.012920
0.012920
0.012920
0.012920
0.012919
0.012919
0.012918
0.012918
0.012917
0.012917
0.012917
0.012916
0.012915
0.012914
0.012912
0.012909
0.012904
0.012898
0.012895
0.012892
0.012889
0.012881
0.012864
0.012834
0.012778
0.012704
0.012618
0.012461
0.012315
0.012093
0.011800
0.011441
0.010803
0.010149
0.009476
0.008779
0.008070
0.007391
0.006809
0.006384
0.006192
0.006372
0.006515
0.005863
0.005010
0.004551
0.004466
0.018252
0.000000
0.000000
-0.011684
-0.013901
-0.011826
-0.004205
0.006405
0.012549
0.014302
0.014404
0.014175
0.014029
0.013985
0.014005
0.014063
0.014110
0.014133
0.014133
0.014122
0.014107
0.014092
0.014080
0.014070
0.014063
0.014059
0.014057
0.014056
0.014056
0.014056
0.014057
0.014058
0.014059
0.014060
0.014061
0.014062
0.014064
0.014065
0.014066
0.014066
0.014067
0.014068
0.014068
0.014069
0.014069
0.014069
0.014069
0.014069
0.014069
0.014068
0.014068
0.014067
0.014067
0.014066
0.014065
0.014064
0.014063
0.014061
0.014059
0.014057
0.014053
0.014049
0.014043
0.014040
0.014038
0.014039
0.014042
0.014044
0.014049
0.014047
0.014037
0.014025
0.014017
0.013896
0.013689
0.013406
0.013053
0.012377
0.011688
0.010979
0.010242
0.009473
0.008680
0.007895
0.007170
0.006535
0.006041
0.005726
0.005560
0.005234
0.004318
0.003482
0.003423
0.015966
0.000000
0.000000
-0.010962
-0.013222
-0.007904
0.004655
0.012431
0.014807
0.015234
0.015032
0.014714
0.014501
0.014459
0.014531
0.014624
0.014724
0.014797
0.014836
0.014847
0.014845
0.014836
0.014825
0.014816
0.014809
0.014804
0.014801
0.014799
0.014798
0.014798
0.014798
0.014799
0.014800
0.014801
0.014802
0.014803
0.014804
0.014805
0.014806
0.014807
0.014807
0.014808
0.014808
0.014809
0.014809
0.014809
0.014809
0.014809
0.014808
0.014808
0.014807
0.014806
0.014806
0.014805
0.014803
0.014802
0.014800
0.014798
0.014795
0.014791
0.014785
0.014778
0.014769
0.014760
0.014749
0.014736
0.014721
0.014704
0.014693
0.014683
0.014680
0.014679
0.014690
0.014699
0.014468
0.014112
0.013724
0.013027
0.012322
0.011605
0.010867
0.010104
0.009317
0.008522
0.007758
0.007076
0.006432
0.005766
0.005096
0.004538
0.004142
0.003605
0.002661
0.002472
0.014953
0.000000
0.000000
-0.013191
-0.012514
0.001787
0.012154
0.015382
0.015837
0.015504
0.015025
0.014773
0.014573
0.014454
0.014492
0.014555
0.014654
0.014739
0.014790
0.014814
0.014822
0.014821
0.014817
0.014812
0.014808
0.014805
0.014803
0.014802
0.014801
0.014801
0.014802
0.014802
0.014802
0.014803
0.014804
0.014804
0.014805
0.014805
0.014805
0.014806
0.014806
0.014806
0.014806
0.014806
0.014806
0.014806
0.014806
0.014806
0.014805
0.014805
0.014804
0.014804
0.014803
0.014802
0.014801
0.014800
0.014799
0.014798
0.014795
0.014792
0.014788
0.014781
0.014773
0.014763
0.014753
0.014740
0.014719
0.014688
0.014653
0.014622
0.014585
0.014537
0.014477
0.014420
0.014406
0.014376
0.014034
0.013626
0.012931
0.012229
0.011513
0.010779
0.010029
0.009276
0.008558
0.007912
0.007304
0.006631
0.005896
0.005171
0.004419
0.003562
0.002703
0.001807
0.001281
0.013193
0.000000
0.000000
-0.017148
-0.005892
0.008279
0.012570
0.013148
0.012754
0.012583
0.012517
0.012571
0.012712
0.012888
0.013095
0.013224
0.013314
0.013436
0.013551
0.013636
0.013691
0.013722
0.013739
0.013746
0.013748
0.013747
0.013746
0.013744
0.013743
0.013742
0.013742
0.013742
0.013742
0.013742
0.013742
0.013742
0.013743
0.013743
0.013743
0.013743
0.013743
0.013743
0.013743
0.013743
0.013743
0.013743
0.013742
0.013742
0.013741
0.013741
0.013740
0.013739
0.013739
0.013738
0.013737
0.013736
0.013735
0.013733
0.013731
0.013727
0.013720
0.013711
0.013697
0.013679
0.013658
0.013626
0.013573
0.013500
0.013409
0.013300
0.013167
0.013017
0.012866
0.012725
0.012606
0.012425
0.012140
0.011666
0.011028
0.010392
0.009761
0.009137
0.008523
0.007925
0.007357
0.006841
0.006379
0.005904
0.005421
0.004948
0.004501
0.004009
0.003446
0.002622
0.001390
-0.000019
0.011845
0.000000
0.000000
0.049090
0.046884
0.033576
0.022966
0.017413
0.015093
0.014188
0.014388
0.014697
0.015118
0.015607
0.016003
0.016398
0.016478
0.016554
0.016667
0.016782
0.016881
0.016958
0.017012
0.017049
0.017072
0.017085
0.017092
0.017095
0.017097
0.017097
0.017098
0.017098
0.017097
0.017097
0.017097
0.017097
0.017097
0.017096
0.017096
0.017095
0.017095
0.017095
0.017094
0.017093
0.017093
0.017092
0.017091
0.017090
0.017090
0.017089
0.017088
0.017087
0.017086
0.017085
0.017084
0.017083
0.017082
0.017081
0.017080
0.017077
0.017073
0.017065
0.017053
0.017033
0.017004
0.016965
0.016903
0.016808
0.016683
0.016519
0.016320
0.016069
0.015769
0.015427
0.015115
0.014874
0.014564
0.014535
0.015415
0.014636
0.013882
0.013168
0.012510
0.011920
0.011387
0.010869
0.010387
0.009994
0.009592
0.009332
0.009141
0.009160
0.009348
0.009530
0.009613
0.009718
0.009662
0.009994
0.000000
0.000000
0.000000
0.000000
0.000000
0.000000
0.000000
0.000000
0.000000
0.000000
0.000000
0.000000
0.000000
0.000000
0.000000
0.000000
0.000000
0.000000
0.000000
0.000000
0.000000
0.000000
0.000000
0.000000
0.000000
0.000000
0.000000
0.000000
0.000000
0.000000
0.000000
0.000000
0.000000
0.000000
0.000000
0.000000
0.000000
0.000000
0.000000
0.000000
0.000000
0.000000
0.000000
0.000000
0.000000
0.000000
0.000000
0.000000
0.000000
0.000000
0.000000
0.000000
0.000000
0.000000
0.000000
0.000000
0.000000
0.000000
0.000000
0.000000
0.000000
0.000000
0.000000
0.000000
0.000000
0.000000
0.000000
0.000000
0.000000
0.000000
0.000000
0.000000
0.000000
0.000000
0.000000
0.000000
0.000000
0.000000
0.000000
0.000000
0.000000
0.000000
0.000000
0.000000
0.000000
0.000000
0.000000
0.000000
0.000000
0.000000
0.000000
0.000000
0.000000
0.000000
0.000000
0.000000
0.000000
0.000000
0.000000
